t,i1,i2,i3,i4,i5
0.0,0,0,0,0,0
0.01,0,0,0,0,0
0.02,0,0,0,0,0
0.03,0,0,0,0,0
0.04,0,0,0,0,0
0.05,0,0,0,0,0
0.060000000000000005,0,0,0,0,0
0.07,0,0,0,0,0
0.08,0,0,0,0,0
0.09,0,0,0,0,0
0.09999999999999999,0,0,0,0,0
0.10999999999999999,0,0,0,0,0
0.11999999999999998,0,0,0,0,0
0.12999999999999998,0,0,0,0,0
0.13999999999999999,0,0,0,0,0
0.15,0,0,0,0,0
0.16,0,0,0,0,0
0.17,0,0,0,0,0
0.18000000000000002,0,0,0,0,0
0.19000000000000003,0,0,0,0,0
0.20000000000000004,0,0,0,0,0
0.21000000000000005,1000,0,0,0,0
0.22000000000000006,1000,0,0,0,0
0.23000000000000007,1000,0,0,0,0
0.24000000000000007,1000,0,0,0,0
0.25000000000000006,1000,0,0,0,0
0.26000000000000006,1000,34,0,26,0
0.2700000000000001,1000,34,0,26,0
0.2800000000000001,1000,51,0,26,0
0.2900000000000001,1000,51,0,26,0
0.3000000000000001,1000,61,0,0,49
0.3100000000000001,1000,61,0,0,49
0.3200000000000001,1000,55,0,0,49
0.3300000000000001,1000,55,0,0,49
0.34000000000000014,1000,55,0,0,0
0.35000000000000014,1000,55,0,0,0
0.36000000000000015,1000,0,0,0,0
0.37000000000000016,1000,20,0,0,14
0.38000000000000017,1000,20,0,0,14
0.3900000000000002,1000,20,0,0,14
0.4000000000000002,1000,20,0,0,14
0.4100000000000002,1000,0,0,0,0
0.4200000000000002,1000,0,0,0,0
0.4300000000000002,1000,0,5,0,0
0.4400000000000002,1000,0,5,0,0
0.45000000000000023,1000,0,5,0,0
0.46000000000000024,1000,0,5,0,0
0.47000000000000025,1000,0,0,0,0
0.48000000000000026,1000,9,0,4,0
0.49000000000000027,1000,9,0,4,8
0.5000000000000002,1000,9,0,4,8
0.5100000000000002,1000,9,0,47,8
0.5200000000000002,1000,0,0,47,8
0.5300000000000002,1000,0,0,43,0
0.5400000000000003,1000,0,0,43,0
0.5500000000000003,1000,0,8,43,0
0.5600000000000003,1000,0,8,36,0
0.5700000000000003,1000,0,8,36,0
0.5800000000000003,1000,0,8,36,0
0.5900000000000003,1000,0,0,36,10
0.6000000000000003,1000,8,0,23,10
0.6100000000000003,1000,8,0,124,10
0.6200000000000003,1000,8,0,124,10
0.6300000000000003,1000,8,0,124,0
0.6400000000000003,1000,0,0,124,0
0.6500000000000004,1000,0,0,0,0
0.6600000000000004,1000,0,0,0,0
0.6700000000000004,1000,0,0,0,0
0.6800000000000004,1000,0,0,0,0
0.6900000000000004,1000,0,0,0,0
0.7000000000000004,1000,0,0,0,0
0.7100000000000004,1000,0,0,0,0
0.7200000000000004,1000,0,0,0,0
0.7300000000000004,1000,0,0,0,0
0.7400000000000004,1000,0,0,0,6
0.7500000000000004,1000,0,0,0,6
0.7600000000000005,1000,0,0,0,6
0.7700000000000005,1000,0,0,0,6
0.7800000000000005,1000,0,0,0,0
0.7900000000000005,1000,0,0,0,0
0.8000000000000005,1000,0,0,0,0
0.8100000000000005,1000,0,0,0,0
0.8200000000000005,1000,4,3,0,0
0.8300000000000005,1000,4,3,0,0
0.8400000000000005,1000,4,3,0,0
0.8500000000000005,1000,4,3,0,0
0.8600000000000005,1000,0,0,0,0
0.8700000000000006,1000,0,0,0,0
0.8800000000000006,1000,0,0,0,0
0.8900000000000006,1000,0,0,0,0
0.9000000000000006,1000,0,0,0,0
0.9100000000000006,1000,0,0,0,0
0.9200000000000006,1000,0,0,0,5
0.9300000000000006,1000,0,0,0,5
0.9400000000000006,1000,0,0,0,5
0.9500000000000006,1000,0,0,0,5
0.9600000000000006,1000,0,7,0,0
0.9700000000000006,1000,0,7,0,0
0.9800000000000006,1000,0,7,0,0
0.9900000000000007,1000,5,7,0,0
1.0000000000000007,1000,5,0,2,0
1.0100000000000007,1000,5,0,2,0
1.0200000000000007,1000,5,0,2,0
1.0300000000000007,1000,0,0,2,0
1.0400000000000007,1000,0,0,0,0
1.0500000000000007,1000,0,0,0,0
1.0600000000000007,1000,0,0,0,0
1.0700000000000007,1000,0,0,0,0
1.0800000000000007,1000,0,0,0,0
1.0900000000000007,1000,0,0,0,0
1.1000000000000008,1000,0,0,0,0
1.1100000000000008,1000,0,0,0,0
1.1200000000000008,1000,0,0,0,0
1.1300000000000008,1000,0,0,0,0
1.1400000000000008,1000,0,0,0,0
1.1500000000000008,1000,0,0,0,0
1.1600000000000008,1000,0,0,0,0
1.1700000000000008,1000,0,0,0,0
1.1800000000000008,1000,0,0,0,0
1.1900000000000008,1000,0,4,0,0
1.2000000000000008,1000,0,4,0,0
1.2100000000000009,2000,0,4,0,0
1.2200000000000009,2000,0,4,4,3
1.2300000000000009,2000,4,22,58,3
1.2400000000000009,2000,4,22,58,48
1.2500000000000009,2000,51,58,80,48
1.260000000000001,2000,73,81,95,53
1.270000000000001,2000,68,84,116,60
1.280000000000001,2000,68,84,115,60
1.290000000000001,2000,73,78,112,64
1.300000000000001,2000,75,73,105,78
1.310000000000001,2000,75,77,100,78
1.320000000000001,2000,63,77,81,80
1.330000000000001,2000,71,79,81,95
1.340000000000001,2000,84,94,80,115
1.350000000000001,2000,100,117,91,126
1.360000000000001,2000,112,133,93,132
1.370000000000001,2000,125,139,96,130
1.380000000000001,2000,129,169,108,148
1.390000000000001,2000,149,165,113,143
1.400000000000001,2000,147,170,127,150
1.410000000000001,2000,168,184,133,147
1.420000000000001,2000,160,184,138,171
1.430000000000001,2000,175,183,157,175
1.440000000000001,2000,185,182,156,187
1.450000000000001,2000,186,194,180,203
1.460000000000001,2000,191,195,196,212
1.470000000000001,2000,203,203,207,209
1.480000000000001,2000,210,204,231,213
1.490000000000001,2000,219,205,229,226
1.500000000000001,2000,214,214,251,226
1.5100000000000011,2000,205,222,260,232
1.5200000000000011,2000,202,226,272,235
1.5300000000000011,2000,205,243,254,226
1.5400000000000011,2000,218,251,255,241
1.5500000000000012,2000,236,249,234,249
1.5600000000000012,2000,246,257,234,227
1.5700000000000012,2000,275,250,243,222
1.5800000000000012,2000,288,258,232,231
1.5900000000000012,2000,312,238,250,235
1.6000000000000012,2000,330,239,241,258
1.6100000000000012,2000,336,254,253,269
1.6200000000000012,2000,352,249,259,277
1.6300000000000012,2000,347,262,275,299
1.6400000000000012,2000,338,275,285,301
1.6500000000000012,2000,321,291,303,310
1.6600000000000013,2000,290,309,325,309
1.6700000000000013,2000,250,327,330,311
1.6800000000000013,2000,256,337,317,324
1.6900000000000013,2000,262,343,315,332
1.7000000000000013,2000,276,356,313,340
1.7100000000000013,2000,277,362,310,331
1.7200000000000013,2000,288,366,320,337
1.7300000000000013,2000,307,362,328,347
1.7400000000000013,2000,321,328,325,333
1.7500000000000013,2000,316,297,329,330
1.7600000000000013,2000,310,273,340,322
1.7700000000000014,2000,306,280,334,308
1.7800000000000014,2000,299,267,343,297
1.7900000000000014,2000,298,273,334,293
1.8000000000000014,2000,300,286,335,304
1.8100000000000014,2000,311,291,327,304
1.8200000000000014,2000,322,306,324,311
1.8300000000000014,2000,323,307,316,324
1.8400000000000014,2000,337,321,314,317
1.8500000000000014,2000,337,336,302,325
1.8600000000000014,2000,331,344,310,335
1.8700000000000014,2000,313,364,318,328
1.8800000000000014,2000,316,363,320,330
1.8900000000000015,2000,329,369,328,337
1.9000000000000015,2000,344,363,332,334
1.9100000000000015,2000,343,355,321,328
1.9200000000000015,2000,350,357,325,338
1.9300000000000015,2000,340,350,339,347
1.9400000000000015,2000,352,345,338,345
1.9500000000000015,2000,348,336,356,353
1.9600000000000015,2000,346,338,359,351
1.9700000000000015,2000,355,341,368,355
1.9800000000000015,2000,372,332,364,366
1.9900000000000015,2000,365,313,361,364
2.0000000000000013,2000,365,313,369,372
2.010000000000001,2000,367,323,371,359
2.020000000000001,2000,344,332,364,356
2.0300000000000007,2000,346,337,366,365
2.0400000000000005,2000,336,350,359,346
2.0500000000000003,2000,341,364,350,355
2.06,2000,352,380,361,362
2.07,2000,353,378,355,364
2.0799999999999996,2000,366,386,359,360
2.0899999999999994,2000,383,392,344,359
2.099999999999999,2000,394,388,346,365
2.109999999999999,2000,408,379,348,375
2.1199999999999988,2000,408,391,352,388
2.1299999999999986,2000,406,380,344,384
2.1399999999999983,2000,394,366,357,386
2.149999999999998,2000,385,362,350,377
2.159999999999998,2000,362,378,360,390
2.1699999999999977,2000,346,383,363,392
2.1799999999999975,2000,322,386,361,395
2.1899999999999973,2000,327,391,372,396
2.199999999999997,2000,341,390,383,391
2.209999999999997,2000,349,389,378,386
2.2199999999999966,2000,369,373,373,369
2.2299999999999964,3000,385,385,387,378
2.239999999999996,3000,412,420,409,403
2.249999999999996,3000,419,432,421,418
2.259999999999996,3000,428,461,432,424
2.2699999999999956,3000,442,448,442,427
2.2799999999999954,3000,442,442,434,433
2.289999999999995,3000,441,433,431,430
2.299999999999995,3000,444,431,431,414
2.3099999999999947,3000,439,449,431,413
2.3199999999999945,3000,451,437,450,416
2.3299999999999943,3000,458,421,452,446
2.339999999999994,3000,453,456,466,454
2.349999999999994,3000,445,458,479,466
2.3599999999999937,3000,430,460,490,475
2.3699999999999934,3000,444,441,472,478
2.3799999999999932,3000,449,470,493,471
2.389999999999993,3000,477,486,491,467
2.399999999999993,3000,497,511,501,477
2.4099999999999926,3000,506,531,508,495
2.4199999999999924,3000,531,527,512,514
2.429999999999992,3000,533,526,514,527
2.439999999999992,3000,539,527,508,514
2.4499999999999917,3000,529,527,507,531
2.4599999999999915,3000,531,527,523,533
2.4699999999999913,3000,534,527,542,542
2.479999999999991,3000,527,531,539,529
2.489999999999991,3000,514,539,552,544
2.4999999999999907,3000,518,518,544,544
2.5099999999999905,3000,533,534,555,540
2.5199999999999902,3000,549,531,540,543
2.52999999999999,3000,554,531,547,554
2.53999999999999,3000,569,540,537,557
2.5499999999999896,3000,566,564,547,558
2.5599999999999894,3000,568,561,536,568
2.569999999999989,3000,571,569,554,583
2.579999999999989,3000,589,574,549,584
2.5899999999999888,3000,588,576,564,597
2.5999999999999885,3000,597,566,560,588
2.6099999999999883,3000,584,578,579,581
2.619999999999988,3000,595,588,584,597
2.629999999999988,3000,589,611,581,602
2.6399999999999877,3000,579,615,602,613
2.6499999999999875,3000,597,615,602,602
2.6599999999999873,3000,597,613,598,617
2.669999999999987,3000,595,597,598,607
2.679999999999987,3000,571,595,615,602
2.6899999999999866,3000,544,604,598,602
2.6999999999999864,3000,540,621,597,619
2.709999999999986,3000,546,609,578,615
2.719999999999986,3000,561,617,581,613
2.7299999999999858,3000,573,623,578,617
2.7399999999999856,3000,600,621,604,619
2.7499999999999853,3000,615,609,602,611
2.759999999999985,3000,617,617,611,613
2.769999999999985,3000,625,628,625,632
2.7799999999999847,3000,611,625,626,625
2.7899999999999845,3000,617,632,634,630
2.7999999999999843,3000,625,619,625,623
2.809999999999984,3000,628,638,623,630
2.819999999999984,3000,643,617,611,630
2.8299999999999836,3000,643,606,626,615
2.8399999999999834,3000,657,623,623,621
2.849999999999983,3000,636,636,619,615
2.859999999999983,3000,641,636,626,623
2.869999999999983,3000,625,630,625,621
2.8799999999999826,3000,625,649,632,615
2.8899999999999824,3000,617,645,632,621
2.899999999999982,3000,602,634,634,626
2.909999999999982,3000,609,638,628,625
2.9199999999999817,3000,606,641,617,625
2.9299999999999815,3000,632,649,619,647
2.9399999999999813,3000,638,657,628,655
2.949999999999981,3000,643,668,636,660
2.959999999999981,3000,662,653,623,671
2.9699999999999807,3000,636,666,636,664
2.9799999999999804,3000,647,671,630,660
2.9899999999999802,3000,641,662,632,657
2.99999999999998,3000,660,664,632,657
3.00999999999998,3000,664,634,647,662
3.0199999999999796,3000,677,626,649,649
3.0299999999999794,3000,655,626,643,664
3.039999999999979,3000,638,617,655,660
3.049999999999979,3000,619,615,645,668
3.0599999999999787,3000,611,600,632,636
3.0699999999999785,3000,607,617,636,628
3.0799999999999783,3000,632,636,634,632
3.089999999999978,3000,653,628,649,632
3.099999999999978,3000,660,645,630,643
3.1099999999999777,3000,666,641,653,653
3.1199999999999775,3000,671,655,645,655
3.1299999999999772,3000,645,647,641,651
3.139999999999977,3000,647,675,649,636
3.149999999999977,3000,660,677,641,660
3.1599999999999766,3000,655,682,649,666
3.1699999999999764,3000,664,689,643,666
3.179999999999976,3000,673,673,634,673
3.189999999999976,3000,671,671,645,671
3.1999999999999758,3000,664,689,651,682
3.2099999999999755,3000,634,682,675,673
3.2199999999999753,3000,607,666,660,651
3.229999999999975,3000,586,668,671,645
3.239999999999975,3000,595,641,677,626
3.2499999999999747,4000,609,660,675,632
3.2599999999999745,4000,636,673,692,647
3.2699999999999743,4000,682,694,701,687
3.279999999999974,4000,699,689,709,699
3.289999999999974,4000,724,680,724,716
3.2999999999999736,4000,743,689,706,729
3.3099999999999734,4000,738,680,699,714
3.319999999999973,4000,727,696,694,716
3.329999999999973,4000,722,677,684,722
3.3399999999999728,4000,709,682,689,696
3.3499999999999726,4000,711,666,699,668
3.3599999999999723,4000,714,671,687,677
3.369999999999972,4000,729,692,701,680
3.379999999999972,4000,724,689,684,692
3.3899999999999717,4000,722,694,696,706
3.3999999999999715,4000,729,706,719,724
3.4099999999999713,4000,716,716,709,732
3.419999999999971,4000,701,732,719,727
3.429999999999971,4000,682,729,704,732
3.4399999999999706,4000,706,740,706,738
3.4499999999999704,4000,692,751,714,738
3.45999999999997,4000,694,746,729,735
3.46999999999997,4000,704,749,727,738
3.47999999999997,4000,711,743,751,743
3.4899999999999696,4000,711,735,763,743
3.4999999999999694,4000,722,722,743,738
3.509999999999969,4000,722,732,732,724
3.519999999999969,4000,724,738,740,729
3.5299999999999687,4000,740,743,727,746
3.5399999999999685,4000,757,763,740,746
3.5499999999999683,4000,775,775,749,757
3.559999999999968,4000,790,790,740,766
3.569999999999968,4000,778,769,751,757
3.5799999999999677,4000,793,778,760,760
3.5899999999999674,4000,790,735,763,751
3.5999999999999672,4000,760,722,781,735
3.609999999999967,4000,749,740,778,743
3.619999999999967,4000,738,729,769,740
3.6299999999999666,4000,719,729,763,746
3.6399999999999664,4000,740,740,766,760
3.649999999999966,4000,749,740,735,772
3.659999999999966,4000,746,760,743,769
3.6699999999999657,4000,769,790,749,778
3.6799999999999655,4000,778,790,727,800
3.6899999999999653,4000,784,790,727,803
3.699999999999965,4000,778,775,743,793
3.709999999999965,4000,784,784,732,784
3.7199999999999647,4000,763,763,746,769
3.7299999999999645,4000,749,775,760,743
3.7399999999999642,4000,724,769,746,749
3.749999999999964,4000,716,757,749,740
3.759999999999964,4000,722,754,766,732
3.7699999999999636,4000,738,757,751,749
3.7799999999999634,4000,749,754,769,751
3.789999999999963,4000,754,751,781,754
3.799999999999963,4000,749,766,793,769
3.8099999999999627,4000,746,766,775,784
3.8199999999999625,4000,757,754,781,766
3.8299999999999623,4000,766,775,775,766
3.839999999999962,4000,772,775,775,781
3.849999999999962,4000,769,784,778,766
3.8599999999999617,4000,778,778,787,760
3.8699999999999615,4000,769,790,775,778
3.8799999999999613,4000,781,793,784,769
3.889999999999961,4000,772,790,787,775
3.899999999999961,4000,769,787,763,778
3.9099999999999606,4000,772,769,757,781
3.9199999999999604,4000,766,760,775,778
3.92999999999996,4000,803,790,763,775
3.93999999999996,4000,813,796,778,803
3.9499999999999598,4000,790,806,775,806
3.9599999999999596,4000,778,806,790,809
3.9699999999999593,4000,760,787,760,809
3.979999999999959,4000,751,766,751,803
3.989999999999959,4000,740,760,746,775
3.9999999999999587,4000,738,766,724,760
4.009999999999959,4000,743,754,738,775
4.019999999999959,4000,772,746,757,775
4.0299999999999585,4000,778,769,746,781
4.039999999999958,4000,784,772,766,806
4.049999999999958,4000,784,760,769,784
4.059999999999958,4000,790,778,775,775
4.069999999999958,4000,800,781,775,778
4.079999999999957,4000,800,790,793,787
4.089999999999957,4000,813,784,781,781
4.099999999999957,4000,809,775,778,772
4.109999999999957,4000,800,775,787,784
4.119999999999957,4000,809,784,800,775
4.129999999999956,4000,809,809,787,769
4.139999999999956,4000,790,813,796,793
4.149999999999956,4000,772,819,790,787
4.159999999999956,4000,787,803,787,790
4.1699999999999555,4000,781,781,787,803
4.179999999999955,4000,772,781,781,787
4.189999999999955,4000,778,778,800,784
4.199999999999955,4000,790,796,778,775
4.209999999999955,4000,0,790,784,790
4.2199999999999545,4000,790,778,790,781
4.229999999999954,4000,772,772,778,781
4.239999999999954,4000,766,766,775,778
4.249999999999954,4000,757,775,778,775
4.259999999999954,4000,772,778,772,778
4.269999999999953,5000,784,778,769,793
4.279999999999953,5000,796,796,790,809
4.289999999999953,5000,809,803,813,816
4.299999999999953,5000,829,819,813,819
4.3099999999999525,5000,829,823,793,813
4.319999999999952,5000,809,823,806,823
4.329999999999952,5000,819,813,796,819
4.339999999999952,5000,800,813,793,800
4.349999999999952,5000,784,826,790,813
4.3599999999999515,5000,787,809,800,796
4.369999999999951,5000,806,809,806,803
4.379999999999951,5000,809,809,806,809
4.389999999999951,5000,806,813,836,829
4.399999999999951,5000,803,796,840,826
4.40999999999995,5000,816,800,829,823
4.41999999999995,5000,826,816,823,833
4.42999999999995,5000,816,816,826,836
4.43999999999995,5000,813,819,819,823
4.4499999999999496,5000,826,843,803,819
4.459999999999949,5000,829,851,826,816
4.469999999999949,5000,840,865,836,836
4.479999999999949,5000,829,865,840,833
4.489999999999949,5000,823,873,823,816
4.4999999999999485,5000,829,877,862,826
4.509999999999948,5000,843,862,858,840
4.519999999999948,5000,858,851,869,847
4.529999999999948,5000,858,843,851,851
4.539999999999948,5000,858,829,851,847
4.549999999999947,5000,847,833,862,858
4.559999999999947,5000,847,823,843,854
4.569999999999947,5000,836,829,836,858
4.579999999999947,5000,840,843,829,858
4.589999999999947,5000,840,833,833,851
4.599999999999946,5000,840,833,826,836
4.609999999999946,5000,843,836,813,843
4.619999999999946,5000,843,843,840,858
4.629999999999946,5000,843,854,858,865
4.6399999999999455,5000,847,833,854,869
4.649999999999945,5000,836,826,826,862
4.659999999999945,5000,858,803,826,851
4.669999999999945,5000,843,809,865,858
4.679999999999945,5000,833,813,865,840
4.689999999999944,5000,829,836,847,836
4.699999999999944,5000,823,858,843,829
4.709999999999944,5000,809,851,851,847
4.719999999999944,5000,829,862,843,840
4.729999999999944,5000,840,888,847,854
4.739999999999943,5000,851,896,843,847
4.749999999999943,5000,858,881,851,854
4.759999999999943,5000,858,847,873,869
4.769999999999943,5000,858,833,858,847
4.7799999999999425,5000,851,833,858,833
4.789999999999942,5000,847,823,851,813
4.799999999999942,5000,833,833,854,826
4.809999999999942,5000,854,843,847,843
4.819999999999942,5000,858,854,829,840
4.8299999999999415,5000,862,840,851,847
4.839999999999941,5000,843,840,854,854
4.849999999999941,5000,851,843,854,833
4.859999999999941,5000,851,854,823,843
4.869999999999941,5000,858,843,833,843
4.87999999999994,5000,873,836,854,858
4.88999999999994,5000,884,826,854,862
4.89999999999994,5000,884,836,843,865
4.90999999999994,5000,881,833,851,869
4.9199999999999395,5000,843,836,865,858
4.929999999999939,5000,819,851,851,836
4.939999999999939,5000,829,851,843,823
4.949999999999939,5000,833,854,836,833
4.959999999999939,5000,840,877,851,854
4.9699999999999385,5000,813,873,854,858
4.979999999999938,5000,823,869,851,862
4.989999999999938,5000,840,888,854,851
4.999999999999938,5000,843,877,854,873
5.009999999999938,5000,847,854,854,873
5.019999999999937,5000,862,862,854,873
5.029999999999937,5000,854,862,851,858
5.039999999999937,5000,858,873,854,836
5.049999999999937,5000,840,884,854,843
5.0599999999999365,5000,858,873,862,829
5.069999999999936,5000,854,851,847,840
5.079999999999936,5000,847,851,851,833
5.089999999999936,5000,854,826,865,843
5.099999999999936,5000,865,836,862,836
5.1099999999999355,5000,865,836,851,847
5.119999999999935,5000,865,854,854,865
5.129999999999935,5000,865,843,854,881
5.139999999999935,5000,869,840,877,877
5.149999999999935,5000,877,847,865,869
5.159999999999934,5000,877,854,858,854
5.169999999999934,5000,862,833,854,877
5.179999999999934,5000,862,819,843,854
5.189999999999934,5000,862,840,847,858
5.199999999999934,5000,833,847,847,840
5.209999999999933,5000,826,833,851,829
5.219999999999933,5000,851,813,854,843
5.229999999999933,5000,851,813,862,851
5.239999999999933,5000,833,829,840,843
5.2499999999999325,5000,816,823,833,847
5.259999999999932,5000,823,833,833,847
5.269999999999932,5000,829,862,836,836
5.279999999999932,5000,829,858,819,829
5.289999999999932,6000,823,854,836,833
5.299999999999931,6000,826,862,862,847
5.309999999999931,6000,851,873,881,847
5.319999999999931,6000,858,881,884,851
5.329999999999931,6000,865,888,877,847
5.339999999999931,6000,884,884,877,862
5.34999999999993,6000,888,862,881,873
5.35999999999993,6000,904,869,884,881
5.36999999999993,6000,921,854,869,881
5.37999999999993,6000,913,847,854,896
5.3899999999999295,6000,909,847,877,896
5.399999999999929,6000,900,851,873,877
5.409999999999929,6000,865,884,858,873
5.419999999999929,6000,862,881,851,881
5.429999999999929,6000,847,881,854,884
5.4399999999999284,6000,840,881,877,884
5.449999999999928,6000,854,877,865,884
5.459999999999928,6000,858,858,869,877
5.469999999999928,6000,865,843,865,869
5.479999999999928,6000,862,851,858,884
5.489999999999927,6000,873,869,847,873
5.499999999999927,6000,873,873,843,865
5.509999999999927,6000,877,881,862,869
5.519999999999927,6000,869,892,888,896
5.5299999999999265,6000,869,917,884,888
5.539999999999926,6000,877,925,892,888
5.549999999999926,6000,873,917,892,896
5.559999999999926,6000,873,900,904,896
5.569999999999926,6000,892,892,904,892
5.5799999999999255,6000,900,892,896,877
5.589999999999925,6000,904,909,892,888
5.599999999999925,6000,921,913,892,888
5.609999999999925,6000,925,904,909,909
5.619999999999925,6000,904,900,921,913
5.629999999999924,6000,896,892,904,900
5.639999999999924,6000,865,917,892,884
5.649999999999924,6000,873,909,888,888
5.659999999999924,6000,877,888,884,892
5.6699999999999235,6000,896,900,909,900
5.679999999999923,6000,904,892,909,904
5.689999999999923,6000,900,904,909,917
5.699999999999923,6000,904,884,888,904
5.709999999999923,6000,892,865,877,909
5.7199999999999225,6000,925,865,877,904
5.729999999999922,6000,909,892,884,900
5.739999999999922,6000,900,917,873,904
5.749999999999922,6000,900,921,877,904
5.759999999999922,6000,888,921,888,925
5.769999999999921,6000,900,921,904,930
5.779999999999921,6000,909,896,921,909
5.789999999999921,6000,896,913,921,909
5.799999999999921,6000,900,917,909,892
5.809999999999921,6000,900,913,904,888
5.81999999999992,6000,913,930,904,913
5.82999999999992,6000,917,917,900,900
5.83999999999992,6000,917,921,904,888
5.84999999999992,6000,909,934,900,913
5.8599999999999195,6000,877,952,909,913
5.869999999999919,6000,873,938,930,892
5.879999999999919,6000,900,938,930,900
5.889999999999919,6000,904,917,904,900
5.899999999999919,6000,917,904,896,913
5.909999999999918,6000,913,904,913,909
5.919999999999918,6000,917,892,921,909
5.929999999999918,6000,888,888,921,921
5.939999999999918,6000,900,862,904,913
5.949999999999918,6000,896,881,869,892
5.959999999999917,6000,896,896,877,892
5.969999999999917,6000,896,888,881,900
5.979999999999917,6000,913,900,913,921
5.989999999999917,6000,938,904,900,913
5.9999999999999165,6000,938,909,900,904
6.009999999999916,6000,925,909,909,896
6.019999999999916,6000,913,900,917,904
6.029999999999916,6000,930,917,925,917
6.039999999999916,6000,917,921,934,921
6.0499999999999154,6000,925,917,925,917
6.059999999999915,6000,909,917,921,913
6.069999999999915,6000,892,904,930,896
6.079999999999915,6000,877,900,913,896
6.089999999999915,6000,865,888,913,917
6.099999999999914,6000,873,888,900,909
6.109999999999914,6000,881,888,900,909
6.119999999999914,6000,881,888,892,904
6.129999999999914,6000,896,877,888,900
6.1399999999999135,6000,900,877,881,904
6.149999999999913,6000,900,862,877,900
6.159999999999913,6000,917,888,873,888
6.169999999999913,6000,921,900,881,892
6.179999999999913,6000,930,917,888,904
6.1899999999999125,6000,930,921,917,925
6.199999999999912,6000,947,909,900,930
6.209999999999912,6000,917,909,896,917
6.219999999999912,6000,925,917,896,917
6.229999999999912,6000,925,913,892,913
6.239999999999911,6000,930,904,896,909
6.249999999999911,6000,925,917,904,938
6.259999999999911,6000,925,930,896,938
6.269999999999911,6000,904,921,913,934
6.2799999999999105,6000,881,904,909,917
6.28999999999991,6000,854,909,900,909
6.29999999999991,6000,843,896,904,896
6.30999999999991,6000,862,892,900,877
6.31999999999991,7000,865,884,896,881
6.3299999999999095,7000,888,888,909,869
6.339999999999909,7000,913,896,934,884
6.349999999999909,7000,921,917,921,913
6.359999999999909,7000,921,943,925,904
6.369999999999909,7000,938,952,921,917
6.379999999999908,7000,947,956,934,921
6.389999999999908,7000,952,956,938,943
6.399999999999908,7000,956,952,947,956
6.409999999999908,7000,938,952,966,952
6.419999999999908,7000,925,930,947,938
6.429999999999907,7000,938,917,934,938
6.439999999999907,7000,938,921,938,943
6.449999999999907,7000,930,921,938,956
6.459999999999907,7000,938,913,956,943
6.4699999999999065,7000,934,930,938,947
6.479999999999906,7000,921,930,921,943
6.489999999999906,7000,904,913,888,943
6.499999999999906,7000,865,913,877,930
6.509999999999906,7000,892,913,896,913
6.519999999999905,7000,917,909,925,917
6.529999999999905,7000,921,904,913,930
6.539999999999905,7000,943,913,917,921
6.549999999999905,7000,934,917,934,917
6.559999999999905,7000,934,921,930,913
6.569999999999904,7000,961,925,956,947
6.579999999999904,7000,947,952,956,952
6.589999999999904,7000,956,975,952,947
6.599999999999904,7000,934,966,947,956
6.6099999999999035,7000,921,980,943,956
6.619999999999903,7000,921,985,961,961
6.629999999999903,7000,909,980,947,943
6.639999999999903,7000,925,921,947,921
6.649999999999903,7000,925,930,956,921
6.659999999999902,7000,943,943,966,909
6.669999999999902,7000,952,934,934,917
6.679999999999902,7000,947,913,930,917
6.689999999999902,7000,952,913,934,930
6.699999999999902,7000,952,913,917,934
6.709999999999901,7000,943,925,934,938
6.719999999999901,7000,952,943,930,947
6.729999999999901,7000,947,956,925,956
6.739999999999901,7000,943,943,934,952
6.7499999999999005,7000,947,938,925,966
6.7599999999999,7000,952,925,947,961
6.7699999999999,7000,956,913,970,956
6.7799999999999,7000,952,925,956,952
6.7899999999999,7000,930,943,909,947
6.7999999999998995,7000,909,934,921,934
6.809999999999899,7000,904,909,921,921
6.819999999999899,7000,917,925,925,921
6.829999999999899,7000,913,947,930,930
6.839999999999899,7000,925,938,934,917
6.849999999999898,7000,925,943,930,921
6.859999999999898,7000,938,934,938,925
6.869999999999898,7000,943,934,947,938
6.879999999999898,7000,970,952,947,966
6.8899999999998975,7000,961,947,966,956
6.899999999999897,7000,938,952,970,943
6.909999999999897,7000,925,947,934,938
6.919999999999897,7000,913,930,921,934
6.929999999999897,7000,921,943,921,938
6.9399999999998965,7000,934,930,930,934
6.949999999999896,7000,925,925,947,934
6.959999999999896,7000,934,925,943,934
6.969999999999896,7000,943,925,930,934
6.979999999999896,7000,952,925,938,934
6.989999999999895,7000,966,925,934,952
6.999999999999895,7000,970,943,943,961
7.009999999999895,7000,975,917,956,956
7.019999999999895,7000,975,921,952,956
7.0299999999998946,7000,956,930,934,952
7.039999999999894,7000,938,934,930,938
7.049999999999894,7000,930,930,943,938
7.059999999999894,7000,934,956,952,956
7.069999999999894,7000,938,934,956,966
7.0799999999998935,7000,934,943,943,961
7.089999999999893,7000,934,952,943,952
7.099999999999893,7000,917,947,947,943
7.109999999999893,7000,921,956,943,934
7.119999999999893,7000,917,961,952,952
7.129999999999892,7000,943,961,947,956
7.139999999999892,7000,938,970,938,947
7.149999999999892,7000,943,970,952,938
7.159999999999892,7000,934,961,947,938
7.169999999999892,7000,925,947,956,938
7.179999999999891,7000,930,938,952,947
7.189999999999891,7000,961,943,961,947
7.199999999999891,7000,966,943,975,966
7.209999999999891,7000,966,952,952,947
7.2199999999998905,7000,970,956,938,970
7.22999999999989,7000,970,938,947,980
7.23999999999989,7000,990,943,943,947
7.24999999999989,7000,952,943,947,952
7.25999999999989,7000,985,934,952,966
7.269999999999889,7000,961,930,938,952
7.279999999999889,7000,952,938,938,943
7.289999999999889,7000,938,938,938,943
7.299999999999889,7000,943,952,947,952
7.309999999999889,7000,956,943,961,956
7.319999999999888,7000,970,938,947,947
7.329999999999888,7000,966,966,966,970
7.339999999999888,8000,947,966,975,961
7.349999999999888,8000,938,975,956,961
7.3599999999998875,8000,934,966,970,961
7.369999999999887,8000,947,980,970,961
7.379999999999887,8000,952,975,995,966
7.389999999999887,8000,961,970,980,975
7.399999999999887,8000,970,975,995,961
7.4099999999998865,8000,985,970,970,956
7.419999999999886,8000,970,966,956,966
7.429999999999886,8000,975,961,970,961
7.439999999999886,8000,985,947,961,966
7.449999999999886,8000,970,956,961,975
7.459999999999885,8000,990,966,966,985
7.469999999999885,8000,966,985,975,970
7.479999999999885,8000,966,975,961,966
7.489999999999885,8000,980,975,961,980
7.4999999999998845,8000,980,966,961,980
7.509999999999884,8000,975,970,970,975
7.519999999999884,8000,975,956,966,975
7.529999999999884,8000,1000,956,985,970
7.539999999999884,8000,995,990,985,1000
7.5499999999998835,8000,961,980,970,980
7.559999999999883,8000,947,975,980,975
7.569999999999883,8000,938,961,970,970
7.579999999999883,8000,943,956,966,947
7.589999999999883,8000,943,961,966,943
7.599999999999882,8000,966,970,985,952
7.609999999999882,8000,975,990,995,985
7.619999999999882,8000,980,985,1000,990
7.629999999999882,8000,980,990,975,980
7.6399999999998816,8000,975,990,961,980
7.649999999999881,8000,980,1005,970,980
7.659999999999881,8000,985,980,980,975
7.669999999999881,8000,970,980,975,970
7.679999999999881,8000,980,980,985,980
7.6899999999998805,8000,970,990,990,980
7.69999999999988,8000,970,980,980,980
7.70999999999988,8000,985,975,995,985
7.71999999999988,8000,990,966,975,985
7.72999999999988,8000,980,970,975,980
7.739999999999879,8000,980,966,975,985
7.749999999999879,8000,990,961,985,995
7.759999999999879,8000,975,970,970,1000
7.769999999999879,8000,970,970,990,985
7.779999999999879,8000,956,975,956,980
7.789999999999878,8000,947,970,947,970
7.799999999999878,8000,947,985,966,970
7.809999999999878,8000,956,980,975,970
7.819999999999878,8000,985,990,985,985
7.8299999999998775,8000,985,970,985,985
7.839999999999877,8000,975,975,1000,995
7.849999999999877,8000,956,980,985,970
7.859999999999877,8000,956,975,980,975
7.869999999999877,8000,956,980,966,966
7.879999999999876,8000,961,1000,966,966
7.889999999999876,8000,975,1000,980,970
7.899999999999876,8000,975,1005,1005,970
7.909999999999876,8000,980,985,995,990
7.919999999999876,8000,985,975,1005,975
7.929999999999875,8000,985,975,975,966
7.939999999999875,8000,990,970,990,966
7.949999999999875,8000,1000,970,995,970
7.959999999999875,8000,985,970,975,975
7.9699999999998745,8000,980,975,975,990
7.979999999999874,8000,961,961,980,970
7.989999999999874,8000,956,975,975,966
7.999999999999874,8000,966,970,966,966
8.009999999999874,8000,975,975,975,975
8.019999999999873,8000,970,961,980,980
8.029999999999873,8000,975,975,970,970
8.039999999999873,8000,985,970,975,975
8.049999999999873,8000,980,970,995,975
8.059999999999873,8000,966,980,970,985
8.069999999999872,8000,970,980,990,966
8.079999999999872,8000,947,975,975,961
8.089999999999872,8000,943,966,975,952
8.099999999999872,8000,947,980,970,952
8.109999999999872,8000,980,985,975,961
8.119999999999871,8000,985,990,980,970
8.129999999999871,8000,990,975,1005,990
8.139999999999871,8000,995,975,1010,995
8.14999999999987,8000,985,985,1000,970
8.15999999999987,8000,956,975,966,952
8.16999999999987,8000,970,975,961,961
8.17999999999987,8000,990,990,975,970
8.18999999999987,8000,980,961,980,990
8.19999999999987,8000,985,947,956,995
8.20999999999987,8000,961,947,956,961
8.21999999999987,8000,970,966,975,947
8.229999999999869,8000,975,966,961,966
8.239999999999869,8000,990,956,956,970
8.249999999999869,8000,975,956,956,985
8.259999999999868,8000,1005,970,970,995
8.269999999999868,8000,1000,956,975,975
8.279999999999868,8000,1000,966,980,980
8.289999999999868,8000,980,980,980,966
8.299999999999867,8000,970,985,961,966
8.309999999999867,8000,970,975,975,975
8.319999999999867,8000,975,970,975,970
8.329999999999867,8000,980,990,985,980
8.339999999999867,8000,980,985,970,966
8.349999999999866,8000,975,990,975,985
8.359999999999866,8000,961,956,966,970
8.369999999999866,9000,975,966,952,970
8.379999999999866,9000,985,980,970,970
8.389999999999866,9000,990,1005,975,966
8.399999999999865,9000,961,985,980,961
8.409999999999865,9000,980,990,995,975
8.419999999999865,9000,975,966,1000,985
8.429999999999865,9000,990,985,995,961
8.439999999999864,9000,990,975,1010,975
8.449999999999864,9000,990,980,990,980
8.459999999999864,9000,995,956,1005,985
8.469999999999864,9000,1005,952,970,990
8.479999999999864,9000,970,961,961,995
8.489999999999863,9000,975,952,961,970
8.499999999999863,9000,961,952,990,980
8.509999999999863,9000,970,966,990,980
8.519999999999863,9000,952,970,985,980
8.529999999999863,9000,943,966,975,975
8.539999999999862,9000,961,952,956,966
8.549999999999862,9000,1010,966,970,966
8.559999999999862,9000,995,966,975,970
8.569999999999862,9000,1000,970,1000,1000
8.579999999999862,9000,990,985,995,975
8.589999999999861,9000,985,985,1005,970
8.599999999999861,9000,970,985,985,975
8.60999999999986,9000,956,1010,1000,985
8.61999999999986,9000,934,990,980,985
8.62999999999986,9000,961,1010,995,1005
8.63999999999986,9000,970,1000,985,975
8.64999999999986,9000,970,995,970,985
8.65999999999986,9000,980,975,985,975
8.66999999999986,9000,995,975,990,985
8.67999999999986,9000,995,961,975,980
8.68999999999986,9000,980,961,980,975
8.699999999999859,9000,995,956,970,970
8.709999999999859,9000,995,961,966,975
8.719999999999859,9000,980,990,975,985
8.729999999999858,9000,985,980,995,990
8.739999999999858,9000,990,961,1000,990
8.749999999999858,9000,980,947,985,985
8.759999999999858,9000,985,947,980,985
8.769999999999857,9000,975,975,956,980
8.779999999999857,9000,980,980,970,975
8.789999999999857,9000,985,1000,985,995
8.799999999999857,9000,985,975,985,1005
8.809999999999857,9000,966,980,975,970
8.819999999999856,9000,956,990,985,975
8.829999999999856,9000,952,990,980,980
8.839999999999856,9000,980,980,990,995
8.849999999999856,9000,995,985,980,995
8.859999999999856,9000,1000,975,990,985
8.869999999999855,9000,995,995,1005,970
8.879999999999855,9000,985,975,995,980
8.889999999999855,9000,980,985,990,970
8.899999999999855,9000,970,970,990,970
8.909999999999854,9000,966,975,970,966
8.919999999999854,9000,966,975,995,966
8.929999999999854,9000,990,980,990,970
8.939999999999854,9000,995,970,985,970
8.949999999999854,9000,985,975,975,1000
8.959999999999853,9000,995,985,995,1000
8.969999999999853,9000,990,990,980,985
8.979999999999853,9000,1000,980,990,990
8.989999999999853,9000,990,970,980,995
8.999999999999853,9000,966,980,980,985
9.009999999999852,9000,980,985,980,975
9.019999999999852,9000,966,995,980,990
9.029999999999852,9000,956,966,970,990
9.039999999999852,9000,966,985,1000,985
9.049999999999851,9000,966,985,1000,985
9.059999999999851,9000,970,990,1015,990
9.069999999999851,9000,961,975,1000,995
9.07999999999985,9000,975,990,980,990
9.08999999999985,9000,966,990,980,985
9.09999999999985,9000,980,1015,985,980
9.10999999999985,9000,980,1000,995,1000
9.11999999999985,9000,980,1020,1015,995
9.12999999999985,9000,980,1010,1005,985
9.13999999999985,9000,980,1000,1005,990
9.14999999999985,9000,995,995,985,995
9.15999999999985,9000,1005,980,990,1015
9.169999999999849,9000,1005,990,990,995
9.179999999999849,9000,1010,980,995,1010
9.189999999999849,9000,1015,975,1000,990
9.199999999999848,9000,995,975,990,1000
9.209999999999848,9000,975,975,995,995
9.219999999999848,9000,990,966,985,990
9.229999999999848,9000,975,952,966,975
9.239999999999847,9000,1000,961,985,975
9.249999999999847,9000,1005,956,980,980
9.259999999999847,9000,1005,970,990,995
9.269999999999847,9000,995,990,990,1000
9.279999999999847,9000,990,980,1000,1000
9.289999999999846,9000,980,980,1000,995
9.299999999999846,9000,985,1005,1005,995
9.309999999999846,9000,952,1005,995,985
9.319999999999846,9000,995,1005,1005,985
9.329999999999846,9000,980,1005,985,980
9.339999999999845,9000,1000,1025,1005,1000
9.349999999999845,9000,1000,1005,1015,1000
9.359999999999845,9000,1005,1015,1015,1025
9.369999999999845,9000,1005,1005,1036,1005
9.379999999999844,9000,995,990,1005,990
9.389999999999844,10000,966,1000,990,990
9.399999999999844,10000,995,995,970,995
9.409999999999844,10000,985,995,990,990
9.419999999999844,10000,1000,980,995,985
9.429999999999843,10000,1000,990,980,990
9.439999999999843,10000,1005,1015,995,1015
9.449999999999843,10000,1020,1025,1020,1020
9.459999999999843,10000,1010,1005,1005,1015
9.469999999999843,10000,1030,1005,1020,1025
9.479999999999842,10000,1020,1025,1030,1036
9.489999999999842,10000,1020,1000,1010,1030
9.499999999999842,10000,1015,1015,1010,1020
9.509999999999842,10000,985,1010,995,1005
9.519999999999841,10000,995,1025,1005,1005
9.529999999999841,10000,1010,1000,1020,1020
9.539999999999841,10000,1010,1010,1025,1010
9.54999999999984,10000,1010,1010,1041,1020
9.55999999999984,10000,1000,1015,1058,1020
9.56999999999984,10000,995,1020,1030,1015
9.57999999999984,10000,1025,990,1030,1015
9.58999999999984,10000,1020,1015,1010,1010
9.59999999999984,10000,1010,1025,1030,1005
9.60999999999984,10000,1010,1025,1015,1005
9.61999999999984,10000,1005,1036,1025,1010
9.62999999999984,10000,1015,1015,1030,1010
9.639999999999839,10000,1015,1020,1025,1030
9.649999999999839,10000,1015,1025,1030,1030
9.659999999999838,10000,1036,1015,1020,1030
9.669999999999838,10000,1036,1005,1025,1058
9.679999999999838,10000,1005,1015,1015,1041
9.689999999999838,10000,1025,995,1015,1025
9.699999999999838,10000,1020,1005,990,1015
9.709999999999837,10000,1025,1000,1010,1030
9.719999999999837,10000,1015,1020,995,1005
9.729999999999837,10000,1010,1010,1010,1020
9.739999999999837,10000,1005,1015,1020,1005
9.749999999999837,10000,1010,1010,1020,1030
9.759999999999836,10000,1015,1005,1036,1020
9.769999999999836,10000,1030,1025,1052,1025
9.779999999999836,10000,1005,1000,1036,1015
9.789999999999836,10000,1020,1015,1041,1015
9.799999999999836,10000,1005,1020,1030,1010
9.809999999999835,10000,1025,1020,1030,1005
9.819999999999835,10000,1020,1041,1041,1010
9.829999999999835,10000,1025,1025,1025,1020
9.839999999999835,10000,1025,1036,1036,1025
9.849999999999834,10000,1020,1036,1025,1010
9.859999999999834,10000,1020,1020,1030,1036
9.869999999999834,10000,1030,1010,1025,1025
9.879999999999834,10000,1020,1015,1041,1020
9.889999999999834,10000,1036,1010,1020,1025
9.899999999999833,10000,1041,1020,1036,1020
9.909999999999833,10000,1015,1010,1041,1015
9.919999999999833,10000,1015,1030,1015,1015
9.929999999999833,10000,995,1010,1015,1005
9.939999999999833,10000,1030,1030,1005,1030
9.949999999999832,10000,1030,1025,1015,1025
9.959999999999832,10000,1030,1015,1020,1036
9.969999999999832,10000,1025,1005,1010,1041
9.979999999999832,10000,1015,1020,1000,1030
9.989999999999831,10000,995,1000,1020,1020
9.999999999999831,10000,1025,1015,1015,1015
10.009999999999831,10000,1036,1015,1036,1020
10.01999999999983,10000,1025,1036,1025,1020
10.02999999999983,10000,1015,1025,1030,1015
10.03999999999983,10000,1020,1036,1047,1015
10.04999999999983,10000,1025,1041,1020,1030
10.05999999999983,10000,1025,1041,1030,1025
10.06999999999983,10000,1025,1036,1025,1036
10.07999999999983,10000,1030,1036,1036,1025
10.08999999999983,10000,1030,1052,1030,1025
10.09999999999983,10000,1010,1025,1052,1020
10.109999999999829,10000,1030,1015,1041,1025
10.119999999999829,10000,1020,1020,1025,1020
10.129999999999828,10000,1010,1020,1025,1020
10.139999999999828,10000,1030,1025,1010,1020
10.149999999999828,10000,1030,1015,1030,1025
10.159999999999828,10000,1025,1025,990,1036
10.169999999999828,10000,1036,1030,1010,1030
10.179999999999827,10000,1010,1015,1010,1041
10.189999999999827,10000,1005,1010,1025,1030
10.199999999999827,10000,1020,1030,1020,1030
10.209999999999827,10000,1005,1020,1036,1025
10.219999999999827,10000,1010,1036,1030,1025
10.229999999999826,10000,1010,1030,1036,1020
10.239999999999826,10000,1005,1015,1036,1015
10.249999999999826,10000,1020,1036,1030,1005
10.259999999999826,10000,1025,1025,1041,1000
10.269999999999825,10000,1020,1036,1020,1025
10.279999999999825,10000,1015,1041,1010,1015
10.289999999999825,10000,1025,1036,1020,1041
10.299999999999825,10000,1036,1041,1036,1036
10.309999999999825,10000,1010,1030,1047,1030
10.319999999999824,10000,1010,1030,1052,1010
10.329999999999824,10000,1020,995,1030,1000
10.339999999999824,10000,1020,1010,1030,1010
10.349999999999824,10000,1030,1010,1036,1010
10.359999999999824,10000,1036,1036,1020,1010
10.369999999999823,10000,1041,1010,1036,1020
10.379999999999823,10000,1020,1025,1010,1010
10.389999999999823,10000,1015,1030,1015,1036
10.399999999999823,10000,1010,1025,1015,1036
10.409999999999823,10000,1020,1010,1015,1020
