t,i1,i2,i3,i4,i5,i6,i7,i8
0.0,150,59,0,0,0,0,0.1,0
0.01,150,59,0,0,0,0,-0.1,0
0.02,150,59,0,0,0,0,-0.6,0
0.03,150,59,0,0,0,0,12.1,0
0.04,150,59,0,3,0,0,24.4,0
0.05,150,59,0,9,0,2,26.5,0
0.060000000000000005,150,59,1,16,0,6,10.8,0
0.07,150,59,4,23,1,11,2.9,0
0.08,150,59,7,28,3,16,-1.1,0
0.09,150,59,11,33,6,21,1.0,0
0.09999999999999999,150,59,14,36,10,26,0.6,0
0.10999999999999999,150,59,17,38,13,30,-1.3,0
0.11999999999999998,150,59,19,39,16,34,-2.9,0
0.12999999999999998,150,59,21,41,19,38,-2.4,0
0.13999999999999999,150,59,23,43,22,41,6.1,0
0.15,150,59,26,47,26,44,15.1,0
0.16,150,59,29,51,30,48,17.5,0
0.17,150,59,34,55,35,51,13.7,1
0.18000000000000002,150,59,38,59,39,55,8.0,1
0.19000000000000003,150,59,43,64,43,59,6.8,1
0.20000000000000004,150,59,48,67,47,63,9.3,1
0.21000000000000005,150,59,53,70,51,67,10.0,1
0.22000000000000006,150,59,57,73,54,70,7.7,1
0.23000000000000007,150,59,61,76,57,74,3.6,1
0.24000000000000007,150,59,64,78,60,77,5.3,1
0.25000000000000006,150,59,66,80,61,79,7.7,1
0.26000000000000006,150,59,68,82,63,82,6.5,1
0.2700000000000001,150,59,69,84,64,84,9.7,1
0.2800000000000001,150,59,69,86,66,86,9.9,1
0.2900000000000001,150,59,70,88,67,88,9.5,2
0.3000000000000001,150,59,70,90,68,90,8.1,2
0.3100000000000001,150,59,70,92,70,92,10.6,2
0.3200000000000001,150,59,70,94,71,93,6.6,2
0.3300000000000001,150,59,72,95,73,94,11.3,2
0.34000000000000014,150,59,73,97,75,95,9.5,2
0.35000000000000014,150,59,75,98,77,96,12.0,2
0.36000000000000015,150,59,78,100,78,97,7.8,2
0.37000000000000016,150,59,80,102,79,98,6.6,2
0.38000000000000017,150,59,81,103,80,99,7.5,2
0.3900000000000002,150,59,83,105,81,100,8.0,2
0.4000000000000002,150,59,84,106,82,101,9.5,3
0.4100000000000002,150,59,85,107,82,102,14.1,3
0.4200000000000002,150,59,86,108,83,103,11.6,3
0.4300000000000002,150,59,87,109,83,104,11.4,3
0.4400000000000002,150,59,87,110,83,105,12.7,3
0.45000000000000023,150,59,87,111,84,107,15.2,3
0.46000000000000024,150,59,88,113,85,108,16.2,3
0.47000000000000025,150,59,88,114,86,110,13.4,3
0.48000000000000026,150,59,89,115,87,111,13.9,4
0.49000000000000027,150,59,89,116,88,113,12.7,4
0.5000000000000002,150,59,90,117,89,114,12.2,4
0.5100000000000002,150,59,90,117,90,116,12.8,4
0.5200000000000002,150,59,91,118,91,117,11.8,4
0.5300000000000002,150,59,91,119,92,119,14.0,4
0.5400000000000003,150,59,92,119,92,120,14.6,4
0.5500000000000003,150,59,92,120,93,120,15.1,5
0.5600000000000003,150,59,92,120,94,121,16.2,5
0.5700000000000003,150,59,92,121,94,121,20.6,5
0.5800000000000003,150,59,92,121,94,121,20.2,5
0.5900000000000003,150,59,92,122,95,121,20.6,5
0.6000000000000003,150,59,92,123,94,122,23.6,6
0.6100000000000003,150,59,91,123,94,122,24.4,6
0.6200000000000003,150,59,91,124,93,123,24.5,6
0.6300000000000003,150,59,90,124,92,123,16.0,6
0.6400000000000003,150,59,88,124,91,124,13.9,6
0.6500000000000004,150,59,87,124,89,124,16.8,6
0.6600000000000004,150,59,85,124,87,123,13.0,7
0.6700000000000004,150,59,84,123,86,122,19.4,7
0.6800000000000004,150,59,83,123,85,121,18.9,7
0.6900000000000004,150,59,82,123,83,120,18.8,7
0.7000000000000004,150,59,81,122,83,120,19.5,7
0.7100000000000004,150,59,80,122,82,119,15.4,8
0.7200000000000004,150,59,80,121,82,119,12.9,8
0.7300000000000004,150,59,80,120,82,118,11.7,8
0.7400000000000004,150,59,80,119,81,118,14.9,8
0.7500000000000004,150,59,80,118,81,117,20.3,8
0.7600000000000005,150,59,79,118,81,117,27.0,8
0.7700000000000005,150,59,79,117,80,116,25.6,9
0.7800000000000005,150,59,79,117,79,116,27.2,9
0.7900000000000005,150,59,78,118,78,116,28.8,9
0.8000000000000005,150,59,77,118,77,116,25.6,9
0.8100000000000005,150,59,76,119,76,115,27.9,10
0.8200000000000005,150,59,75,119,75,116,27.4,10
0.8300000000000005,150,59,74,120,74,116,21.7,10
0.8400000000000005,150,59,73,120,74,116,20.6,10
0.8500000000000005,150,59,72,120,73,116,23.8,11
0.8600000000000005,150,59,71,120,73,115,22.0,11
0.8700000000000006,150,59,71,120,72,115,20.7,11
0.8800000000000006,150,59,70,119,71,115,23.1,11
0.8900000000000006,150,59,70,119,70,115,26.9,12
0.9000000000000006,150,59,70,119,70,116,26.3,12
0.9100000000000006,150,59,69,119,69,116,25.3,12
0.9200000000000006,150,59,69,118,69,116,26.1,12
0.9300000000000006,150,59,68,118,69,116,20.3,13
0.9400000000000006,150,59,68,118,69,116,22.8,13
0.9500000000000006,150,59,68,118,69,116,24.4,13
0.9600000000000006,150,59,68,118,69,116,20.0,13
0.9700000000000006,150,59,68,118,69,117,19.9,13
0.9800000000000006,150,59,68,119,69,117,19.8,14
0.9900000000000007,150,59,69,119,70,117,23.4,14
1.0000000000000007,150,59,69,119,70,117,25.8,14
1.0100000000000007,150,59,69,119,70,117,22.9,14
1.0200000000000007,150,59,69,119,71,117,27.3,15
1.0300000000000007,150,59,68,120,71,117,29.4,15
1.0400000000000007,150,59,67,120,70,118,28.9,15
1.0500000000000007,150,59,66,120,69,118,29.3,16
1.0600000000000007,150,59,65,119,69,119,33.4,16
1.0700000000000007,150,59,63,119,68,119,31.7,16
1.0800000000000007,150,59,62,119,66,119,25.1,16
1.0900000000000007,150,59,61,118,65,119,25.9,17
1.1000000000000008,150,59,61,118,64,120,25.6,17
1.1100000000000008,150,59,60,118,63,121,25.5,17
1.1200000000000008,150,59,60,117,62,122,25.7,17
1.1300000000000008,150,59,60,117,60,123,23.8,18
1.1400000000000008,150,59,60,116,59,123,26.7,18
1.1500000000000008,150,59,59,115,59,123,25.4,18
1.1600000000000008,150,59,59,115,58,123,27.0,19
1.1700000000000008,150,59,59,114,58,122,24.8,19
1.1800000000000008,150,59,58,114,58,122,23.3,19
1.1900000000000008,150,59,58,115,59,121,27.2,19
1.2000000000000008,150,59,58,115,60,121,30.0,20
1.2100000000000009,150,59,59,116,61,121,29.3,20
1.2200000000000009,150,59,59,117,63,121,32.2,20
1.2300000000000009,150,59,60,119,64,122,32.2,20
1.2400000000000009,150,59,61,120,65,122,26.6,21
1.2500000000000009,150,59,61,121,66,123,25.9,21
1.260000000000001,150,59,62,122,67,123,28.9,21
1.270000000000001,150,59,63,124,67,123,28.3,22
1.280000000000001,150,59,64,125,67,123,27.7,22
1.290000000000001,150,59,64,127,67,124,35.5,22
1.300000000000001,150,59,65,128,66,124,30.8,23
1.310000000000001,150,59,65,129,65,125,31.0,23
1.320000000000001,150,59,64,129,65,125,33.5,23
1.330000000000001,150,59,64,129,64,126,29.0,23
1.340000000000001,150,59,63,129,63,127,32.3,24
1.350000000000001,150,59,62,129,63,127,32.2,24
1.360000000000001,150,59,61,129,63,128,33.5,24
1.370000000000001,150,59,60,129,63,129,32.0,25
1.380000000000001,150,59,59,129,63,129,35.9,25
1.390000000000001,150,59,58,128,64,130,33.1,25
1.400000000000001,150,59,57,128,64,130,27.5,26
1.410000000000001,150,59,57,128,64,130,30.6,26
1.420000000000001,150,59,56,128,65,131,33.1,26
1.430000000000001,150,59,56,129,65,131,31.3,27
1.440000000000001,150,59,56,129,66,131,31.7,27
1.450000000000001,150,59,57,130,66,131,35.4,27
1.460000000000001,150,59,58,130,65,131,35.7,28
1.470000000000001,150,59,59,130,65,131,30.1,28
1.480000000000001,150,59,60,130,64,131,29.2,28
1.490000000000001,150,59,61,130,63,131,36.2,29
1.500000000000001,150,59,61,130,62,131,37.5,29
1.5100000000000011,150,59,62,131,61,130,34.4,29
1.5200000000000011,150,59,62,131,60,130,31.4,30
1.5300000000000011,150,59,62,131,60,130,34.8,30
1.5400000000000011,150,59,62,132,60,130,34.3,30
1.5500000000000012,150,59,62,132,60,130,31.7,31
1.5600000000000012,150,59,61,132,60,131,29.8,31
1.5700000000000012,150,59,60,132,60,132,32.0,31
1.5800000000000012,150,59,59,132,60,132,31.0,32
1.5900000000000012,150,59,58,131,60,132,29.7,32
1.6000000000000012,150,59,57,131,61,133,27.8,32
1.6100000000000012,150,59,57,131,61,133,26.8,32
1.6200000000000012,150,59,56,131,62,133,33.2,33
1.6300000000000012,150,59,56,131,62,133,38.7,33
1.6400000000000012,150,59,56,131,63,133,35.4,34
1.6500000000000012,150,59,56,131,64,133,30.2,34
1.6600000000000013,150,59,56,131,64,133,34.8,34
1.6700000000000013,150,59,56,131,65,133,34.8,35
1.6800000000000013,150,59,57,131,65,133,31.4,35
1.6900000000000013,150,59,57,131,65,133,32.7,35
1.7000000000000013,150,59,58,130,66,133,37.1,36
1.7100000000000013,150,59,59,130,66,132,33.7,36
1.7200000000000013,150,59,60,130,65,132,36.9,36
1.7300000000000013,150,59,61,131,65,132,35.0,37
1.7400000000000013,150,59,61,131,64,132,33.3,37
1.7500000000000013,150,59,62,132,63,131,35.8,37
1.7600000000000013,150,59,62,132,63,131,34.0,38
1.7700000000000014,150,59,62,132,62,131,35.3,38
1.7800000000000014,150,59,62,133,62,131,36.2,38
1.7900000000000014,150,59,61,133,61,131,34.9,39
1.8000000000000014,150,59,60,133,60,131,36.0,39
1.8100000000000014,150,59,59,132,59,131,38.6,39
1.8200000000000014,150,59,58,132,58,132,38.7,40
1.8300000000000014,150,59,57,131,56,132,35.9,40
1.8400000000000014,150,59,56,130,55,132,35.1,41
1.8500000000000014,150,59,55,130,54,132,34.4,41
1.8600000000000014,150,59,55,130,54,132,32.7,41
1.8700000000000014,150,59,55,130,53,132,36.5,42
1.8800000000000014,150,59,55,129,53,132,32.1,42
1.8900000000000015,150,59,55,128,53,133,29.1,42
1.9000000000000015,150,59,55,127,53,133,23.5,42
1.9100000000000015,150,59,55,126,54,133,31.0,43
1.9200000000000015,150,59,56,125,54,133,29.3,43
1.9300000000000015,150,59,57,125,54,133,28.9,43
1.9400000000000015,150,59,59,126,55,133,29.1,44
1.9500000000000015,150,59,60,127,55,134,30.6,44
1.9600000000000015,150,59,61,128,56,134,33.9,44
1.9700000000000015,150,59,62,129,57,135,33.1,45
1.9800000000000015,150,59,63,130,58,136,32.4,45
1.9900000000000015,150,59,64,130,60,136,34.6,45
2.0000000000000013,150,59,64,130,61,137,31.7,46
2.010000000000001,150,59,63,130,61,138,30.3,46
2.020000000000001,150,59,63,130,62,138,31.9,46
2.0300000000000007,150,59,62,130,62,139,36.4,47
2.0400000000000005,150,59,61,130,62,139,34.2,47
2.0500000000000003,150,59,61,130,62,139,33.5,47
2.06,150,59,60,130,62,139,32.2,48
2.07,150,59,60,130,62,138,38.0,48
2.0799999999999996,150,59,60,130,62,138,34.2,48
2.0899999999999994,150,59,59,130,61,138,36.1,49
2.099999999999999,150,59,59,129,61,138,33.1,49
2.109999999999999,150,59,59,129,61,138,38.2,49
2.1199999999999988,150,59,59,130,60,138,32.7,50
2.1299999999999986,150,59,59,130,59,137,35.0,50
2.1399999999999983,150,59,59,131,59,137,37.0,50
2.149999999999998,150,59,59,132,58,137,40.3,51
2.159999999999998,150,59,60,132,58,137,32.3,51
2.1699999999999977,150,59,60,133,57,138,34.6,51
2.1799999999999975,150,59,60,134,57,138,39.3,52
2.1899999999999973,150,59,60,135,57,138,41.3,52
2.199999999999997,150,59,60,135,57,139,37.6,53
2.209999999999997,150,59,60,136,57,139,37.8,53
2.2199999999999966,150,59,60,136,57,140,37.9,53
2.2299999999999964,150,59,59,136,57,140,39.5,54
2.239999999999996,150,59,59,136,56,141,37.6,54
2.249999999999996,150,59,58,136,56,142,37.3,55
2.259999999999996,150,59,58,136,56,142,36.5,55
2.2699999999999956,150,59,57,135,56,142,36.4,55
2.2799999999999954,150,59,57,135,56,143,34.1,56
2.289999999999995,150,59,56,135,57,143,35.6,56
2.299999999999995,150,59,56,135,58,143,27.9,56
2.3099999999999947,150,59,56,135,59,144,35.6,57
2.3199999999999945,150,59,55,135,60,146,39.2,57
2.3299999999999943,150,59,56,134,61,147,36.6,57
2.339999999999994,150,59,56,133,61,149,30.2,58
2.349999999999994,150,59,56,133,62,150,34.8,58
2.3599999999999937,150,59,57,132,62,150,35.5,58
2.3699999999999934,150,59,57,132,62,150,36.3,59
2.3799999999999932,150,59,58,132,62,150,33.5,59
2.389999999999993,150,59,58,132,62,149,33.4,59
2.399999999999993,150,59,58,132,62,149,37.3,60
2.4099999999999926,150,59,59,132,62,148,34.4,60
2.4199999999999924,150,59,59,132,62,147,31.9,60
2.429999999999992,150,59,59,132,62,146,31.2,61
2.439999999999992,150,59,59,132,63,145,41.2,61
2.4499999999999917,150,59,59,131,64,145,35.4,62
2.4599999999999915,150,59,59,131,65,144,28.1,62
2.4699999999999913,150,59,59,131,65,144,32.2,62
2.479999999999991,150,59,59,130,66,144,35.5,62
2.489999999999991,150,59,58,130,66,143,34.8,63
2.4999999999999907,150,59,59,130,66,143,39.7,63
2.5099999999999905,150,59,59,130,65,142,40.1,64
2.5199999999999902,150,59,59,130,65,142,42.5,64
2.52999999999999,150,59,60,131,64,142,34.6,64
2.53999999999999,150,59,60,131,63,141,39.4,65
2.5499999999999896,150,59,61,132,61,141,34.6,65
2.5599999999999894,150,59,62,133,60,141,36.6,66
2.569999999999989,150,59,62,133,59,140,43.4,66
2.579999999999989,150,59,63,134,58,140,46.0,66
2.5899999999999888,150,59,64,135,57,139,40.1,67
2.5999999999999885,150,59,63,136,56,139,44.0,67
2.6099999999999883,150,59,63,136,56,138,42.3,68
2.619999999999988,150,59,62,137,55,138,48.1,68
2.629999999999988,150,59,61,137,54,137,47.9,69
2.6399999999999877,150,59,59,137,54,137,43.4,69
2.6499999999999875,150,59,58,137,53,137,38.2,69
2.6599999999999873,150,59,56,138,52,137,37.9,70
2.669999999999987,150,59,55,138,51,137,37.8,70
2.679999999999987,150,59,54,139,50,137,40.8,71
2.6899999999999866,150,59,52,140,49,138,37.9,71
2.6999999999999864,150,59,51,141,49,139,43.7,71
2.709999999999986,150,59,51,141,49,139,37.7,72
2.719999999999986,150,59,50,141,50,140,33.2,72
2.7299999999999858,150,59,50,140,52,141,37.6,73
2.7399999999999856,150,59,50,139,53,142,35.6,73
2.7499999999999853,150,59,50,138,56,143,30.2,73
2.759999999999985,150,59,52,138,58,145,29.5,73
2.769999999999985,150,59,53,137,59,146,35.8,74
2.7799999999999847,150,59,55,136,61,147,38.0,74
2.7899999999999845,150,59,56,136,61,147,37.4,75
2.7999999999999843,150,59,58,135,62,147,41.5,75
2.809999999999984,150,59,59,135,62,147,41.3,75
2.819999999999984,150,59,60,136,62,147,40.2,76
2.8299999999999836,150,59,61,136,62,147,40.2,76
2.8399999999999834,150,59,61,137,61,147,36.8,77
2.849999999999983,150,59,61,137,61,146,44.7,77
2.859999999999983,150,59,61,138,61,146,40.5,77
2.869999999999983,150,59,60,138,60,145,39.5,78
2.8799999999999826,150,59,59,138,61,145,31.3,78
2.8899999999999824,150,59,58,139,61,145,34.3,78
2.899999999999982,150,59,58,139,62,144,36.1,79
2.909999999999982,150,59,57,138,62,144,36.0,79
2.9199999999999817,150,59,56,137,63,144,32.2,80
2.9299999999999815,150,59,56,136,63,144,34.4,80
2.9399999999999813,150,59,55,135,63,143,40.8,80
2.949999999999981,150,59,55,135,62,143,41.9,81
2.959999999999981,150,59,56,135,62,142,35.4,81
2.9699999999999807,150,59,56,135,61,141,38.4,81
2.9799999999999804,150,59,57,135,61,141,38.0,82
2.9899999999999802,150,59,58,136,60,140,38.7,82
2.99999999999998,150,59,59,136,59,139,33.8,83
3.00999999999998,150,59,60,136,59,139,38.3,83
3.0199999999999796,150,59,61,136,59,138,35.4,83
3.0299999999999794,150,59,62,136,59,138,35.8,84
3.039999999999979,150,59,63,136,59,138,40.7,84
3.049999999999979,150,59,63,137,59,138,43.3,84
3.0599999999999787,150,59,64,137,58,138,42.9,85
3.0699999999999785,150,59,64,137,58,138,38.4,85
3.0799999999999783,150,59,64,137,58,138,36.4,86
3.089999999999978,150,59,64,137,57,138,39.5,86
3.099999999999978,150,59,64,138,56,137,38.9,86
3.1099999999999777,150,59,64,139,56,137,38.9,87
3.1199999999999775,150,59,63,140,55,137,38.9,87
3.1299999999999772,150,59,63,140,55,137,37.6,88
3.139999999999977,150,59,63,140,54,138,36.7,88
3.149999999999977,150,59,63,140,53,139,39.2,88
3.1599999999999766,150,59,63,140,53,140,39.8,89
3.1699999999999764,150,59,63,140,53,141,31.9,89
3.179999999999976,150,59,63,140,52,142,42.9,89
3.189999999999976,150,59,63,140,52,143,35.9,90
3.1999999999999758,150,59,63,140,53,143,41.3,90
3.2099999999999755,150,59,62,140,53,143,40.4,91
3.2199999999999753,150,59,62,140,54,143,35.5,91
3.229999999999975,150,59,62,139,55,143,33.2,91
3.239999999999975,150,59,62,139,56,143,40.3,92
3.2499999999999747,150,59,61,139,57,144,39.9,92
3.2599999999999745,150,59,61,139,58,144,43.8,93
3.2699999999999743,150,59,60,138,59,145,38.3,93
3.279999999999974,150,59,59,138,58,145,39.3,93
3.289999999999974,150,59,59,139,58,145,42.7,94
3.2999999999999736,150,59,59,139,57,145,41.9,94
3.3099999999999734,150,59,58,140,57,145,37.8,95
3.319999999999973,150,59,58,141,57,144,40.3,95
3.329999999999973,150,59,58,141,57,144,40.3,95
3.3399999999999728,150,59,57,141,57,144,43.0,96
3.3499999999999726,150,59,57,141,57,143,35.2,96
3.3599999999999723,150,59,56,141,58,143,34.6,97
3.369999999999972,150,59,56,140,59,143,39.0,97
3.379999999999972,150,59,55,140,60,143,34.6,97
3.3899999999999717,150,59,55,139,61,142,36.1,98
3.3999999999999715,150,59,55,139,61,142,35.5,98
3.4099999999999713,150,59,56,139,62,142,37.5,98
3.419999999999971,150,59,56,139,62,141,35.1,99
3.429999999999971,150,59,57,139,62,140,42.0,99
3.4399999999999706,150,59,58,139,61,140,40.6,100
3.4499999999999704,150,59,59,139,60,139,36.2,100
3.45999999999997,150,59,60,139,60,139,38.0,100
3.46999999999997,150,59,60,140,59,139,39.0,101
3.47999999999997,150,59,61,140,59,138,37.6,101
3.4899999999999696,150,59,61,140,58,138,38.0,101
3.4999999999999694,150,59,61,140,58,137,34.9,102
3.509999999999969,150,59,61,140,58,137,34.1,102
3.519999999999969,150,59,61,139,59,136,35.2,102
3.5299999999999687,150,59,60,139,60,137,33.1,103
3.5399999999999685,150,59,60,139,60,137,33.4,103
3.5499999999999683,150,59,59,139,61,138,34.7,103
3.559999999999968,150,59,59,138,61,139,34.3,104
3.569999999999968,150,59,59,137,61,140,36.6,104
3.5799999999999677,150,59,58,137,61,141,36.9,105
3.5899999999999674,150,59,59,136,61,142,38.1,105
3.5999999999999672,150,59,59,136,62,142,34.0,105
3.609999999999967,150,59,60,136,62,143,39.5,106
3.619999999999967,150,59,61,136,62,144,35.6,106
3.6299999999999666,150,59,61,136,62,145,40.1,106
3.6399999999999664,150,59,62,135,62,146,40.0,107
3.649999999999966,150,59,62,135,62,147,40.0,107
3.659999999999966,150,59,62,135,62,148,40.1,108
3.6699999999999657,150,59,61,135,61,148,34.1,108
3.6799999999999655,150,59,61,136,61,148,37.7,108
3.6899999999999653,150,59,60,137,61,148,39.2,109
3.699999999999965,150,59,58,138,61,147,48.7,109
3.709999999999965,150,59,56,139,61,147,47.5,110
3.7199999999999647,150,59,54,139,62,147,37.6,110
3.7299999999999645,150,59,53,139,62,147,42.1,110
3.7399999999999642,150,59,51,139,63,147,35.3,111
3.749999999999964,150,59,50,139,63,146,42.5,111
3.759999999999964,150,59,49,139,63,146,35.2,112
3.7699999999999636,150,59,49,138,62,146,36.3,112
3.7799999999999634,150,59,49,138,62,146,48.1,112
3.789999999999963,150,59,50,138,61,146,44.2,113
3.799999999999963,150,59,50,138,59,146,45.7,113
3.8099999999999627,150,59,51,138,58,146,43.7,114
3.8199999999999625,150,59,52,138,56,146,46.9,114
3.8299999999999623,150,59,53,138,55,146,48.5,115
3.839999999999962,150,59,54,138,54,146,45.9,115
3.849999999999962,150,59,54,139,53,146,47.2,116
3.8599999999999617,150,59,54,139,52,147,47.1,116
3.8699999999999615,150,59,54,139,51,149,52.9,117
3.8799999999999613,150,59,54,139,50,150,49.9,117
3.889999999999961,150,59,53,139,49,151,41.2,118
3.899999999999961,150,59,52,139,48,152,50.9,118
3.9099999999999606,150,59,51,139,48,153,48.2,119
3.9199999999999604,150,59,50,139,48,153,46.4,119
3.92999999999996,150,59,50,139,48,153,37.8,119
3.93999999999996,150,59,50,140,48,153,37.5,120
3.9499999999999598,150,59,50,140,48,153,41.7,120
3.9599999999999596,150,59,51,140,49,152,39.7,121
3.9699999999999593,150,59,52,139,50,152,33.1,121
3.979999999999959,150,59,54,139,52,151,37.8,121
3.989999999999959,150,59,55,139,53,150,37.1,122
3.9999999999999587,150,59,57,139,55,149,38.6,122
4.009999999999959,150,59,59,139,57,149,32.6,122
4.019999999999959,150,59,61,138,58,148,33.4,123
4.0299999999999585,150,59,62,138,60,148,34.7,123
4.039999999999958,150,59,63,138,61,147,35.1,123
4.049999999999958,150,59,63,138,62,147,36.2,124
4.059999999999958,150,59,64,138,63,147,40.3,124
4.069999999999958,150,59,65,139,64,147,34.3,125
4.079999999999957,150,59,65,139,64,147,42.8,125
4.089999999999957,150,59,65,139,65,147,42.1,125
4.099999999999957,150,59,66,140,65,147,40.6,126
4.109999999999957,150,59,66,141,65,147,38.5,126
4.119999999999957,150,59,65,141,65,147,44.9,127
4.129999999999956,150,59,65,141,64,148,48.8,127
4.139999999999956,150,59,64,141,64,148,36.9,128
4.149999999999956,150,59,63,141,63,149,38.1,128
4.159999999999956,150,59,62,141,62,149,38.6,128
4.1699999999999555,150,59,61,140,61,149,41.5,129
4.179999999999955,150,59,60,139,60,149,37.9,129
4.189999999999955,150,59,60,138,59,148,40.7,129
4.199999999999955,150,59,59,138,58,148,41.5,130
4.209999999999955,150,59,59,138,58,147,41.9,130
4.2199999999999545,150,59,59,138,58,147,42.9,131
4.229999999999954,150,59,59,139,58,146,40.3,131
4.239999999999954,150,59,60,139,57,146,38.7,132
4.249999999999954,150,59,60,139,57,146,36.6,132
4.259999999999954,150,59,61,139,57,146,39.1,132
4.269999999999953,150,59,62,139,57,145,37.8,133
4.279999999999953,150,59,62,139,56,145,35.7,133
4.289999999999953,150,59,62,139,56,144,37.4,133
4.299999999999953,150,59,62,139,56,144,42.6,134
4.3099999999999525,150,59,62,140,56,143,40.3,134
4.319999999999952,150,59,61,140,56,143,45.1,135
4.329999999999952,150,59,61,141,55,144,41.6,135
4.339999999999952,150,59,60,141,55,144,41.5,136
4.349999999999952,150,59,59,141,55,145,37.3,136
4.3599999999999515,150,59,58,141,55,145,40.7,136
4.369999999999951,150,59,57,140,55,146,40.4,137
4.379999999999951,150,59,56,140,55,146,45.4,137
4.389999999999951,150,59,56,139,55,147,40.8,138
4.399999999999951,150,59,56,139,55,147,41.7,138
4.40999999999995,150,59,56,140,55,148,40.1,138
4.41999999999995,150,59,56,140,55,148,39.9,139
4.42999999999995,150,59,56,141,55,148,36.8,139
4.43999999999995,150,59,56,141,55,149,37.6,140
4.4499999999999496,150,59,57,141,56,149,31.3,140
4.459999999999949,150,59,57,140,56,149,35.4,140
4.469999999999949,150,59,58,140,57,148,37.3,141
4.479999999999949,150,59,60,140,57,148,31.6,141
4.489999999999949,150,59,61,140,58,148,35.5,141
4.4999999999999485,150,59,62,139,59,148,37.6,142
4.509999999999948,150,59,63,139,60,148,37.2,142
4.519999999999948,150,59,63,139,61,148,36.9,142
4.529999999999948,150,59,63,139,61,148,40.1,143
4.539999999999948,150,59,63,138,62,148,37.6,143
4.549999999999947,150,59,63,137,62,148,35.3,143
4.559999999999947,150,59,63,137,62,149,40.2,144
4.569999999999947,150,59,62,137,62,149,39.9,144
4.579999999999947,150,59,61,138,61,149,39.1,145
4.589999999999947,150,59,60,139,61,148,40.7,145
4.599999999999946,150,59,59,139,60,148,42.5,145
4.609999999999946,150,59,58,140,60,148,45.4,146
4.619999999999946,150,59,57,140,60,148,36.9,146
4.629999999999946,150,59,56,140,60,149,42.6,147
4.6399999999999455,150,59,56,140,60,149,43.0,147
4.649999999999945,150,59,56,140,59,149,34.8,148
4.659999999999945,150,59,56,140,59,149,37.6,148
4.669999999999945,150,59,56,140,59,149,42.9,148
4.679999999999945,150,59,57,141,59,148,42.8,149
4.689999999999944,150,59,57,141,59,148,39.4,149
4.699999999999944,150,59,57,141,59,148,42.2,150
4.709999999999944,150,59,57,141,60,147,42.9,150
4.719999999999944,150,59,57,141,59,147,37.1,150
4.729999999999944,150,59,56,141,59,148,36.4,151
4.739999999999943,150,59,56,140,59,148,41.4,151
4.749999999999943,150,59,56,140,58,147,35.0,151
4.759999999999943,150,59,56,140,58,147,31.1,152
4.769999999999943,150,59,55,140,57,146,37.1,152
4.7799999999999425,150,59,55,141,57,146,42.4,153
4.789999999999942,150,59,54,141,57,146,39.9,153
4.799999999999942,150,59,54,141,58,146,34.1,153
4.809999999999942,150,59,54,141,58,147,37.8,154
4.819999999999942,150,59,54,140,59,147,34.8,154
4.8299999999999415,150,59,54,140,60,147,35.5,154
4.839999999999941,150,59,55,140,60,147,37.6,155
4.849999999999941,150,59,55,139,61,147,31.2,155
4.859999999999941,150,59,56,139,61,146,33.6,155
4.869999999999941,150,59,57,138,62,146,39.3,156
4.87999999999994,150,59,58,138,62,146,35.1,156
4.88999999999994,150,59,59,137,62,146,35.4,157
4.89999999999994,150,59,60,137,62,146,37.5,157
4.90999999999994,150,59,61,137,62,146,37.5,157
4.9199999999999395,150,59,62,137,62,145,38.0,158
4.929999999999939,150,59,62,137,62,145,36.0,158
4.939999999999939,150,59,62,137,62,145,37.8,158
4.949999999999939,150,59,62,137,61,145,40.9,159
4.959999999999939,150,59,61,137,61,144,36.4,159
4.9699999999999385,150,59,61,137,61,144,38.6,160
4.979999999999938,150,59,60,137,61,143,39.8,160
4.989999999999938,150,59,59,138,61,143,37.9,160
4.999999999999938,150,59,58,138,61,143,41.2,161
5.009999999999938,150,59,57,138,61,143,37.3,161
5.019999999999937,150,59,56,138,61,143,31.9,161
5.029999999999937,150,59,55,138,61,143,39.4,162
5.039999999999937,150,59,55,138,60,144,37.5,162
5.049999999999937,150,59,54,137,60,143,40.3,163
5.0599999999999365,150,59,54,137,60,143,38.7,163
5.069999999999936,150,59,54,137,61,142,37.7,163
5.079999999999936,150,59,55,138,61,142,36.1,164
5.089999999999936,150,59,55,138,62,141,34.6,164
5.099999999999936,150,59,56,138,62,141,33.8,164
5.1099999999999355,150,59,57,139,62,141,35.5,165
5.119999999999935,150,59,57,139,63,141,40.5,165
5.129999999999935,150,59,58,139,63,141,36.3,166
5.139999999999935,150,59,58,139,62,142,37.7,166
5.149999999999935,150,59,59,139,62,142,40.0,166
5.159999999999934,150,59,59,139,61,143,40.9,167
5.169999999999934,150,59,59,140,61,144,39.3,167
5.179999999999934,150,59,58,140,60,145,42.3,168
5.189999999999934,150,59,58,140,59,146,42.1,168
5.199999999999934,150,59,57,140,59,148,42.6,168
5.209999999999933,150,59,57,139,59,149,41.8,169
5.219999999999933,150,59,55,138,59,151,41.4,169
5.229999999999933,150,59,54,137,59,153,34.2,170
5.239999999999933,150,59,53,136,58,154,30.3,170
5.2499999999999325,150,59,52,134,58,155,34.8,170
5.259999999999932,150,59,51,133,58,156,37.4,171
5.269999999999932,150,59,51,132,58,156,38.7,171
5.279999999999932,150,59,52,132,58,156,37.7,171
5.289999999999932,150,59,53,132,58,156,33.8,172
5.299999999999931,150,59,54,131,58,156,31.6,172
5.309999999999931,150,59,55,131,57,156,31.6,172
5.319999999999931,150,59,56,130,57,155,33.5,173
5.329999999999931,150,59,58,130,57,155,32.7,173
5.339999999999931,150,59,59,130,57,154,36.3,173
5.34999999999993,150,59,59,130,58,154,35.4,174
5.35999999999993,150,59,60,130,59,153,33.3,174
5.36999999999993,150,59,60,129,60,153,32.0,174
5.37999999999993,150,59,59,129,61,153,31.5,175
5.3899999999999295,150,59,59,128,62,153,34.5,175
5.399999999999929,150,59,58,128,62,154,30.1,175
5.409999999999929,150,59,57,128,63,154,33.4,176
5.419999999999929,150,59,56,127,63,155,35.8,176
5.429999999999929,150,59,56,127,63,155,30.6,176
5.4399999999999284,150,59,55,127,63,156,39.2,177
5.449999999999928,150,59,55,126,62,156,33.1,177
5.459999999999928,150,59,55,126,62,156,38.0,177
5.469999999999928,150,59,55,126,61,156,40.3,178
5.479999999999928,150,59,55,127,60,157,35.4,178
5.489999999999927,150,59,56,127,60,157,38.7,179
5.499999999999927,150,59,56,128,59,158,37.9,179
5.509999999999927,150,59,56,128,58,158,35.6,179
5.519999999999927,150,59,56,129,56,158,34.0,180
5.5299999999999265,150,59,57,129,56,158,32.9,180
5.539999999999926,150,59,57,130,55,157,31.6,180
5.549999999999926,150,59,57,130,55,157,38.3,181
5.559999999999926,150,59,57,131,56,157,37.3,181
5.569999999999926,150,59,57,131,56,156,32.8,181
5.5799999999999255,150,59,57,131,57,156,34.1,182
5.589999999999925,150,59,56,131,58,155,34.2,182
5.599999999999925,150,59,56,131,59,154,38.2,182
5.609999999999925,150,59,56,131,59,154,35.4,183
5.619999999999925,150,59,55,131,60,153,33.1,183
5.629999999999924,150,59,55,131,60,152,38.9,184
5.639999999999924,150,59,55,131,60,151,38.7,184
5.649999999999924,150,59,55,131,60,150,38.4,184
5.659999999999924,150,59,55,131,60,150,41.1,185
5.6699999999999235,150,59,55,131,59,149,36.5,185
5.679999999999923,150,59,56,132,58,148,40.0,185
5.689999999999923,150,59,56,132,57,147,39.3,186
5.699999999999923,150,59,57,133,55,146,44.8,186
5.709999999999923,150,59,57,133,53,146,47.6,187
5.7199999999999225,150,59,58,135,52,145,40.6,187
5.729999999999922,150,59,58,136,50,145,43.0,188
5.739999999999922,150,59,59,137,49,144,39.4,188
5.749999999999922,150,59,59,138,49,144,38.7,188
5.759999999999922,150,59,60,139,49,143,37.1,189
5.769999999999921,150,59,60,140,50,143,33.7,189
5.779999999999921,150,59,60,140,52,143,37.0,189
5.789999999999921,150,59,60,140,54,143,35.3,190
5.799999999999921,150,59,60,139,56,143,36.5,190
5.809999999999921,150,59,59,138,58,143,35.4,191
5.81999999999992,150,59,59,137,60,143,37.3,191
5.82999999999992,150,59,59,136,61,142,37.0,191
5.83999999999992,150,59,59,136,62,141,37.9,192
5.84999999999992,150,59,60,136,63,141,35.6,192
5.8599999999999195,150,59,61,136,63,140,29.2,192
5.869999999999919,150,59,61,136,63,140,38.5,193
5.879999999999919,150,59,62,136,62,139,45.1,193
5.889999999999919,150,59,63,136,61,139,37.9,194
5.899999999999919,150,59,63,136,59,139,40.7,194
5.909999999999918,150,59,64,136,58,139,48.8,194
5.919999999999918,150,59,64,136,56,140,47.8,195
5.929999999999918,150,59,63,137,55,140,40.6,195
5.939999999999918,150,59,63,138,53,141,43.3,196
5.949999999999918,150,59,63,139,52,142,43.5,196
5.959999999999917,150,59,62,139,51,142,36.3,197
5.969999999999917,150,59,61,140,51,142,36.2,197
5.979999999999917,150,59,61,140,51,141,31.1,197
5.989999999999917,150,59,61,141,51,140,37.1,198
5.9999999999999165,150,59,61,142,52,139,36.2,198
6.009999999999916,150,59,61,142,52,138,29.9,198
6.019999999999916,150,59,61,142,53,138,28.7,199
6.029999999999916,150,59,62,142,54,137,27.2,199
6.039999999999916,150,59,63,141,55,137,28.1,199
6.0499999999999154,150,59,63,140,56,137,25.5,199
6.059999999999915,150,59,64,139,57,136,32.0,200
6.069999999999915,150,59,64,138,58,136,37.7,200
6.079999999999915,150,59,64,137,59,135,40.8,200
6.089999999999915,150,59,64,136,60,135,35.3,201
6.099999999999914,150,59,63,135,61,135,39.2,201
6.109999999999914,150,59,63,135,61,135,42.4,202
6.119999999999914,150,59,62,134,61,135,37.7,202
6.129999999999914,150,59,61,134,61,136,38.0,202
6.1399999999999135,150,59,61,134,61,136,48.1,203
6.149999999999913,150,59,60,135,60,136,41.0,203
6.159999999999913,150,59,60,135,59,136,40.1,204
6.169999999999913,150,59,59,136,58,136,41.5,204
6.179999999999913,150,59,59,136,57,136,38.2,204
6.1899999999999125,150,59,58,136,55,136,35.2,205
6.199999999999912,150,59,58,137,54,135,39.2,205
6.209999999999912,150,59,59,137,53,135,37.4,206
6.219999999999912,150,59,59,138,53,136,33.0,206
6.229999999999912,150,59,59,138,52,136,39.4,206
6.239999999999911,150,59,59,139,52,137,38.6,207
6.249999999999911,150,59,60,139,52,138,36.4,207
6.259999999999911,150,59,60,138,52,138,35.4,207
6.269999999999911,150,59,60,138,52,139,38.7,208
6.2799999999999105,150,59,60,138,52,140,35.1,208
6.28999999999991,150,59,60,138,53,141,24.4,208
6.29999999999991,150,59,60,137,54,142,32.0,209
6.30999999999991,150,59,60,137,55,142,34.5,209
6.31999999999991,150,59,60,136,56,142,34.8,209
6.3299999999999095,150,59,60,136,57,142,39.5,210
6.339999999999909,150,59,60,135,58,143,35.0,210
6.349999999999909,150,59,60,135,59,142,26.9,210
6.359999999999909,150,59,60,135,60,142,33.7,211
6.369999999999909,150,59,60,135,60,142,33.9,211
6.379999999999908,150,59,60,135,61,141,35.0,211
6.389999999999908,150,59,61,135,61,140,27.4,212
6.399999999999908,150,59,61,135,62,140,35.0,212
6.409999999999908,150,59,62,135,62,140,34.6,212
6.419999999999908,150,59,62,135,62,139,31.6,213
6.429999999999907,150,59,62,135,62,140,34.5,213
6.439999999999907,150,59,62,136,62,140,32.4,213
6.449999999999907,150,59,61,136,62,140,32.6,214
6.459999999999907,150,59,60,136,62,140,30.5,214
6.4699999999999065,150,59,59,136,62,141,30.9,214
6.479999999999906,150,59,58,136,62,141,38.3,215
6.489999999999906,150,59,57,137,63,142,38.4,215
6.499999999999906,150,59,55,137,64,143,36.4,215
6.509999999999906,150,59,54,137,65,143,39.0,216
6.519999999999905,150,59,53,136,66,144,40.7,216
6.529999999999905,150,59,53,135,66,145,37.3,217
6.539999999999905,150,59,52,135,67,146,32.2,217
6.549999999999905,150,59,53,134,67,147,37.6,217
6.559999999999905,150,59,53,134,66,147,41.8,218
6.569999999999904,150,59,54,135,66,148,33.5,218
6.579999999999904,150,59,56,135,65,149,36.4,218
6.589999999999904,150,59,57,135,64,149,35.0,219
6.599999999999904,150,59,59,135,63,149,37.2,219
6.6099999999999035,150,59,60,135,63,149,34.7,220
6.619999999999903,150,59,61,135,62,150,33.7,220
6.629999999999903,150,59,61,134,61,150,36.8,220
6.639999999999903,150,59,61,134,61,150,38.1,221
6.649999999999903,150,59,61,133,61,151,39.5,221
6.659999999999902,150,59,60,132,61,152,36.7,221
6.669999999999902,150,59,59,132,61,152,34.8,222
6.679999999999902,150,59,57,131,61,152,38.7,222
6.689999999999902,150,59,56,131,62,153,33.7,222
6.699999999999902,150,59,55,131,62,154,38.3,223
6.709999999999901,150,59,53,131,62,154,36.5,223
6.719999999999901,150,59,52,131,61,154,36.8,224
6.729999999999901,150,59,52,131,61,154,35.5,224
6.739999999999901,150,59,52,131,60,153,37.1,224
6.7499999999999005,150,59,52,132,60,152,32.2,225
6.7599999999999,150,59,52,131,59,151,39.2,225
6.7699999999999,150,59,53,131,59,151,38.5,225
6.7799999999999,150,59,54,131,59,150,36.0,226
6.7899999999999,150,59,55,130,59,149,32.1,226
6.7999999999998995,150,59,56,129,59,149,25.4,226
6.809999999999899,150,59,57,128,59,148,35.4,227
6.819999999999899,150,59,57,127,59,147,35.2,227
6.829999999999899,150,59,58,126,58,147,31.4,227
6.839999999999899,150,59,58,126,58,147,32.5,228
6.849999999999898,150,59,58,125,57,147,37.1,228
6.859999999999898,150,59,58,125,56,147,42.5,228
6.869999999999898,150,59,58,125,56,147,38.2,229
6.879999999999898,150,59,57,125,56,147,35.2,229
6.8899999999998975,150,59,57,125,56,147,35.1,230
6.899999999999897,150,59,56,125,56,147,38.2,230
6.909999999999897,150,59,55,125,57,147,38.4,230
6.919999999999897,150,59,55,124,57,147,29.7,231
6.929999999999897,150,59,54,124,57,147,34.7,231
6.9399999999998965,150,59,54,123,57,147,39.0,231
6.949999999999896,150,59,55,123,57,147,36.0,232
6.959999999999896,150,59,55,124,57,147,37.7,232
6.969999999999896,150,59,57,124,57,147,36.7,232
6.979999999999896,150,59,58,125,57,147,41.6,233
6.989999999999895,150,59,59,126,57,147,32.7,233
6.999999999999895,150,59,60,127,57,147,36.6,234
7.009999999999895,150,59,61,127,57,146,35.1,234
7.019999999999895,150,59,61,128,57,146,45.7,234
7.0299999999998946,150,59,61,129,57,146,42.1,235
7.039999999999894,150,59,60,130,57,146,40.9,235
7.049999999999894,150,59,59,131,57,146,43.5,236
7.059999999999894,150,59,58,132,56,146,48.7,236
7.069999999999894,150,59,57,134,56,147,42.5,237
7.0799999999998935,150,59,55,135,55,147,38.5,237
7.089999999999893,150,59,55,135,54,147,36.6,237
7.099999999999893,150,59,55,136,54,148,37.8,238
7.109999999999893,150,59,55,137,53,148,34.6,238
7.119999999999893,150,59,55,137,53,149,32.0,238
7.129999999999892,150,59,56,137,52,150,34.1,239
7.139999999999892,150,59,56,137,52,150,37.7,239
7.149999999999892,150,59,56,136,52,151,35.4,239
7.159999999999892,150,59,57,135,53,150,40.8,240
7.169999999999892,150,59,57,134,53,150,34.7,240
7.179999999999891,150,59,57,133,53,150,33.7,241
7.189999999999891,150,59,57,132,54,150,44.1,241
7.199999999999891,150,59,57,132,54,150,36.7,241
7.209999999999891,150,59,58,132,54,149,36.8,242
7.2199999999998905,150,59,59,132,55,149,38.2,242
7.22999999999989,150,59,59,132,55,149,40.6,242
7.23999999999989,150,59,60,132,55,150,37.6,243
7.24999999999989,150,59,60,133,55,150,40.5,243
7.25999999999989,150,59,60,133,55,150,36.1,244
7.269999999999889,150,59,60,133,54,150,29.7,244
7.279999999999889,150,59,60,133,54,150,38.5,244
7.289999999999889,150,59,59,134,55,149,33.4,245
7.299999999999889,150,59,59,134,56,149,36.7,245
7.309999999999889,150,59,58,134,57,149,40.6,245
7.319999999999888,150,59,57,134,58,149,38.8,246
7.329999999999888,150,59,57,133,60,149,33.4,246
7.339999999999888,150,59,56,132,61,148,34.8,246
7.349999999999888,150,59,55,131,62,148,34.0,247
7.3599999999998875,150,59,55,130,63,147,35.3,247
7.369999999999887,150,59,55,130,63,147,36.8,248
7.379999999999887,150,59,56,130,63,146,35.5,248
7.389999999999887,150,59,57,131,63,145,37.0,248
7.399999999999887,150,59,59,131,62,144,36.5,249
7.4099999999998865,150,59,61,133,60,144,32.7,249
7.419999999999886,150,59,62,133,59,144,33.0,249
7.429999999999886,150,59,64,133,59,144,34.7,250
7.439999999999886,150,59,66,134,58,144,32.0,250
7.449999999999886,150,59,67,134,59,143,32.2,250
7.459999999999885,150,59,67,134,59,143,37.0,251
7.469999999999885,150,59,67,134,60,143,32.4,251
7.479999999999885,150,59,66,133,61,144,35.4,251
7.489999999999885,150,59,66,133,63,144,31.7,252
7.4999999999998845,150,59,64,132,64,144,31.8,252
7.509999999999884,150,59,63,132,65,145,32.1,252
7.519999999999884,150,59,62,132,65,146,33.8,253
7.529999999999884,150,59,61,131,65,146,31.8,253
7.539999999999884,150,59,60,131,65,147,38.4,253
7.5499999999998835,150,59,60,131,64,147,35.9,254
7.559999999999883,150,59,60,131,64,148,33.2,254
7.569999999999883,150,59,60,131,63,148,37.6,254
7.579999999999883,150,59,60,130,62,148,34.9,255
7.589999999999883,150,59,61,130,61,148,34.6,255
7.599999999999882,150,59,61,130,60,148,41.7,255
7.609999999999882,150,59,61,129,59,148,35.4,256
7.619999999999882,150,59,62,129,58,148,35.2,256
7.629999999999882,150,59,62,128,57,148,37.9,257
7.6399999999998816,150,59,61,128,57,148,36.3,257
7.649999999999881,150,59,61,128,56,147,38.2,257
7.659999999999881,150,59,61,129,56,146,36.9,258
7.669999999999881,150,59,60,129,56,146,39.0,258
7.679999999999881,150,59,60,129,57,146,40.3,258
7.6899999999998805,150,59,60,129,57,145,33.8,259
7.69999999999988,150,59,59,129,57,145,32.4,259
7.70999999999988,150,59,59,129,57,144,32.5,259
7.71999999999988,150,59,58,128,57,143,38.8,260
7.72999999999988,150,59,58,128,56,142,35.0,260
7.739999999999879,150,59,58,128,56,140,35.5,261
7.749999999999879,150,59,59,129,56,139,40.5,261
7.759999999999879,150,59,59,129,56,139,39.4,261
7.769999999999879,150,59,60,129,55,138,34.1,262
7.779999999999879,150,59,60,130,55,137,33.6,262
7.789999999999878,150,59,60,130,55,136,40.8,262
7.799999999999878,150,59,60,130,55,135,36.4,263
7.809999999999878,150,59,60,130,54,135,36.7,263
7.819999999999878,150,59,60,131,54,135,43.7,264
7.8299999999998775,150,59,60,131,54,135,42.2,264
7.839999999999877,150,59,60,131,54,135,36.1,264
7.849999999999877,150,59,60,131,54,135,36.6,265
7.859999999999877,150,59,60,132,54,135,40.6,265
7.869999999999877,150,59,60,132,54,135,37.2,266
7.879999999999876,150,59,60,132,54,135,38.1,266
7.889999999999876,150,59,60,132,54,135,38.1,266
7.899999999999876,150,59,60,133,54,135,36.6,267
7.909999999999876,150,59,61,134,54,135,39.6,267
7.919999999999876,150,59,61,134,54,134,35.5,267
7.929999999999875,150,59,61,135,54,134,30.8,268
7.939999999999875,150,59,62,135,54,134,33.1,268
7.949999999999875,150,59,62,135,54,134,37.6,268
7.959999999999875,150,59,62,134,54,134,33.2,269
7.9699999999998745,150,59,62,134,53,135,28.4,269
7.979999999999874,150,59,62,134,53,135,33.1,269
7.989999999999874,150,59,62,134,54,135,34.6,270
7.999999999999874,150,59,62,133,54,135,36.4,270
8.009999999999874,150,59,63,133,55,135,32.7,270
8.019999999999873,150,59,63,133,55,136,30.4,271
8.029999999999873,150,59,63,133,56,136,32.4,271
8.039999999999873,150,59,63,133,57,136,33.2,271
8.049999999999873,150,59,63,133,58,136,33.8,272
8.059999999999873,150,59,63,133,59,136,33.8,272
8.069999999999872,150,59,63,133,59,136,33.8,272
8.079999999999872,150,59,63,133,60,135,30.5,273
8.089999999999872,150,59,63,133,60,135,36.4,273
8.099999999999872,150,59,63,133,60,135,37.8,273
8.109999999999872,150,59,63,133,60,134,34.9,274
8.119999999999871,150,59,63,134,61,134,41.2,274
8.129999999999871,150,59,63,134,61,134,32.3,275
8.139999999999871,150,59,62,135,60,134,42.6,275
8.14999999999987,150,59,62,135,60,134,33.2,275
8.15999999999987,150,59,62,135,60,134,39.1,276
8.16999999999987,150,59,61,134,59,134,38.8,276
8.17999999999987,150,59,61,134,59,134,39.6,276
8.18999999999987,150,59,60,134,58,134,36.2,277
8.19999999999987,150,59,60,134,57,134,35.0,277
8.20999999999987,150,59,59,135,56,134,39.2,278
8.21999999999987,150,59,59,135,56,134,40.9,278
8.229999999999869,150,59,58,135,55,133,33.6,278
8.239999999999869,150,59,58,135,54,133,31.1,279
8.249999999999869,150,59,58,135,53,133,39.3,279
8.259999999999868,150,59,58,135,53,133,36.0,279
8.269999999999868,150,59,58,135,52,134,38.3,280
8.279999999999868,150,59,58,134,52,133,37.0,280
8.289999999999868,150,59,58,134,52,133,37.3,281
8.299999999999867,150,59,58,134,52,133,38.9,281
8.309999999999867,150,59,59,135,52,134,38.2,281
8.319999999999867,150,59,60,135,52,134,37.1,282
8.329999999999867,150,59,60,135,53,135,41.5,282
8.339999999999867,150,59,61,135,53,136,38.6,282
8.349999999999866,150,59,62,135,53,136,29.3,283
8.359999999999866,150,59,62,135,54,137,32.0,283
8.369999999999866,150,59,62,134,54,137,34.5,283
8.379999999999866,150,59,62,134,54,138,36.0,284
8.389999999999866,150,59,62,134,55,139,34.2,284
8.399999999999865,150,59,62,134,56,139,35.7,284
8.409999999999865,150,59,61,134,56,140,37.6,285
8.419999999999865,150,59,61,134,57,140,34.1,285
8.429999999999865,150,59,61,134,58,140,29.4,285
8.439999999999864,150,59,61,134,58,139,33.7,286
8.449999999999864,150,59,61,134,59,138,32.3,286
8.459999999999864,150,59,62,134,59,138,32.3,286
8.469999999999864,150,59,62,134,59,137,34.7,287
8.479999999999864,150,59,63,134,60,137,31.4,287
8.489999999999863,150,59,63,134,59,136,33.0,287
8.499999999999863,150,59,64,133,59,136,36.7,288
8.509999999999863,150,59,64,132,59,136,32.8,288
8.519999999999863,150,59,64,131,58,136,35.4,288
8.529999999999863,150,59,64,130,57,136,33.2,289
8.539999999999862,150,59,63,129,56,136,34.6,289
8.549999999999862,150,59,62,129,56,136,32.9,290
8.559999999999862,150,59,61,130,55,135,35.6,290
8.569999999999862,150,59,60,130,55,135,38.6,290
8.579999999999862,150,59,60,130,56,135,42.3,291
8.589999999999861,150,59,59,131,56,135,32.8,291
8.599999999999861,150,59,59,131,57,135,29.5,291
8.60999999999986,150,59,59,132,58,135,34.2,292
8.61999999999986,150,59,59,132,59,136,34.5,292
8.62999999999986,150,59,59,132,60,135,35.2,292
8.63999999999986,150,59,59,132,60,135,35.5,293
8.64999999999986,150,59,59,132,60,135,39.8,293
8.65999999999986,150,59,59,133,60,134,38.7,293
8.66999999999986,150,59,59,133,60,133,34.6,294
8.67999999999986,150,59,59,133,60,133,30.9,294
8.68999999999986,150,59,59,133,60,133,41.3,295
8.699999999999859,150,59,59,133,60,133,34.2,295
8.709999999999859,150,59,59,133,59,133,33.0,295
8.719999999999859,150,59,59,132,58,135,38.4,296
8.729999999999858,150,59,59,132,58,136,48.1,296
8.739999999999858,150,59,59,131,57,138,38.8,296
8.749999999999858,150,59,58,130,55,139,37.0,297
8.759999999999858,150,59,57,130,54,140,40.8,297
8.769999999999857,150,59,55,130,52,141,39.6,298
8.779999999999857,150,59,54,131,51,141,40.4,298
8.789999999999857,150,59,52,132,50,141,41.2,298
8.799999999999857,150,59,51,133,50,141,35.9,299
8.809999999999857,150,59,50,134,50,141,37.7,299
8.819999999999856,150,59,49,135,51,142,33.3,300
8.829999999999856,150,59,49,135,53,142,31.8,300
8.839999999999856,150,59,50,134,54,142,29.2,300
8.849999999999856,150,59,50,134,56,142,28.8,300
8.859999999999856,150,59,52,134,58,142,29.2,301
8.869999999999855,150,59,53,134,59,142,31.9,301
8.879999999999855,150,59,55,134,61,141,29.5,301
8.889999999999855,150,59,57,133,62,141,30.9,302
8.899999999999855,150,59,58,133,63,141,27.6,302
8.909999999999854,150,59,60,132,63,141,29.9,302
8.919999999999854,150,59,61,132,64,141,29.6,303
8.929999999999854,150,59,62,131,64,142,30.0,303
8.939999999999854,150,59,62,131,64,142,28.5,303
8.949999999999854,150,59,62,130,64,143,27.9,303
8.959999999999853,150,59,62,130,64,143,31.5,304
8.969999999999853,150,59,61,129,65,143,31.2,304
8.979999999999853,150,59,60,130,65,143,34.9,304
8.989999999999853,150,59,59,130,65,144,35.9,305
8.999999999999853,150,59,57,132,65,145,42.9,305
9.009999999999852,150,59,56,134,65,146,39.3,306
9.019999999999852,150,59,55,135,65,147,48.3,306
9.029999999999852,150,59,54,136,65,148,34.4,306
9.039999999999852,150,59,53,136,64,149,29.7,307
9.049999999999851,150,59,53,135,64,149,36.9,307
9.059999999999851,150,59,52,135,63,149,35.5,307
9.069999999999851,150,59,52,135,63,149,29.8,308
9.07999999999985,150,59,52,135,62,150,37.1,308
9.08999999999985,150,59,53,135,62,150,41.3,308
9.09999999999985,150,59,53,135,61,151,38.5,309
9.10999999999985,150,59,53,135,61,152,37.0,309
9.11999999999985,150,59,53,135,61,152,34.6,310
9.12999999999985,150,59,53,134,61,152,30.6,310
9.13999999999985,150,59,53,134,61,152,24.9,310
9.14999999999985,150,59,53,133,62,153,24.6,310
9.15999999999985,150,59,53,132,62,153,26.9,311
9.169999999999849,150,59,53,130,62,154,31.6,311
9.179999999999849,150,59,53,129,62,154,33.8,311
9.189999999999849,150,59,52,128,61,155,37.8,312
9.199999999999848,150,59,52,128,61,155,44.2,312
9.209999999999848,150,59,52,128,61,154,49.3,313
9.219999999999848,150,59,51,129,60,154,52.4,313
9.229999999999848,150,59,51,130,60,153,43.9,314
9.239999999999847,150,59,52,131,60,153,33.2,314
9.249999999999847,150,59,52,131,59,152,32.3,314
9.259999999999847,150,59,53,131,59,151,33.5,315
9.269999999999847,150,59,54,131,59,149,31.5,315
9.279999999999847,150,59,55,130,59,148,29.2,315
9.289999999999846,150,59,57,131,59,147,28.2,315
9.299999999999846,150,59,58,131,59,146,32.9,316
9.309999999999846,150,59,60,131,59,145,31.5,316
9.319999999999846,150,59,61,130,60,144,29.8,316
9.329999999999846,150,59,62,129,60,144,29.4,317
9.339999999999845,150,59,62,128,61,143,29.2,317
9.349999999999845,150,59,62,127,61,142,33.4,317
9.359999999999845,150,59,62,127,61,142,34.7,318
9.369999999999845,150,59,62,127,61,142,34.6,318
9.379999999999844,150,59,61,128,61,142,38.3,318
9.389999999999844,150,59,61,129,60,142,37.6,319
9.399999999999844,150,59,61,131,60,143,40.5,319
9.409999999999844,150,59,60,132,60,144,40.9,320
9.419999999999844,150,59,60,133,60,145,45.1,320
9.429999999999843,150,59,59,134,60,146,42.8,320
9.439999999999843,150,59,59,135,60,147,34.9,321
9.449999999999843,150,59,58,135,59,147,38.8,321
9.459999999999843,150,59,57,134,59,147,34.8,322
9.469999999999843,150,59,57,134,58,147,33.6,322
9.479999999999842,150,59,57,135,58,147,33.9,322
9.489999999999842,150,59,58,135,58,146,33.0,323
9.499999999999842,150,59,58,135,59,145,41.1,323
9.509999999999842,150,59,59,136,59,145,40.5,323
9.519999999999841,150,59,60,136,60,144,38.0,324
9.529999999999841,150,59,60,137,60,143,33.1,324
9.539999999999841,150,59,61,137,61,143,31.9,324
9.54999999999984,150,59,61,136,61,142,39.1,325
9.55999999999984,150,59,61,136,61,141,36.0,325
9.56999999999984,150,59,61,136,62,141,38.6,326
9.57999999999984,150,59,61,136,62,140,39.1,326
9.58999999999984,150,59,60,137,62,140,40.3,326
9.59999999999984,150,59,60,137,61,140,41.9,327
9.60999999999984,150,59,59,137,61,140,38.7,327
9.61999999999984,150,59,59,137,60,140,42.4,328
9.62999999999984,150,59,59,137,60,140,42.2,328
9.639999999999839,150,59,58,138,59,140,38.9,328
9.649999999999839,150,59,58,138,58,141,42.8,329
9.659999999999838,150,59,58,139,58,141,36.3,329
9.669999999999838,150,59,57,139,57,141,37.2,330
9.679999999999838,150,59,57,138,56,140,33.4,330
9.689999999999838,150,59,57,138,55,140,36.1,330
9.699999999999838,150,59,56,137,55,139,33.5,331
9.709999999999837,150,59,56,136,55,139,39.8,331
9.719999999999837,150,59,56,135,55,139,36.2,331
9.729999999999837,150,59,56,135,55,139,32.7,332
9.739999999999837,150,59,56,134,55,140,31.8,332
9.749999999999837,150,59,56,133,55,140,34.6,332
9.759999999999836,150,59,57,132,55,139,32.8,333
9.769999999999836,150,59,57,132,56,139,35.3,333
9.779999999999836,150,59,58,132,56,139,38.8,333
9.789999999999836,150,59,58,132,57,139,40.1,334
9.799999999999836,150,59,59,132,57,139,37.7,334
9.809999999999835,150,59,60,133,58,140,34.0,334
9.819999999999835,150,59,61,133,58,140,40.0,335
9.829999999999835,150,59,61,133,59,140,33.3,335
9.839999999999835,150,59,62,133,59,140,34.4,336
9.849999999999834,150,59,63,134,59,140,36.7,336
9.859999999999834,150,59,63,134,59,140,34.0,336
9.869999999999834,150,59,64,135,59,139,35.9,337
9.879999999999834,150,59,65,136,59,138,32.3,337
9.889999999999834,150,59,65,136,59,138,31.5,337
9.899999999999833,150,59,66,136,59,137,32.1,338
9.909999999999833,150,59,66,136,59,137,34.0,338
9.919999999999833,150,59,66,136,59,136,36.7,338
9.929999999999833,150,59,65,135,59,135,31.9,339
9.939999999999833,150,59,65,134,58,135,35.8,339
9.949999999999832,150,59,64,134,58,134,42.2,339
9.959999999999832,150,59,64,134,58,135,36.4,340
9.969999999999832,150,59,63,134,57,136,35.7,340
9.979999999999832,150,59,63,134,56,138,42.5,341
9.989999999999831,0,0,62,134,55,140,42.1,341
9.999999999999831,0,0,62,133,54,143,44.8,341
10.009999999999831,0,0,61,131,53,145,38.6,342
10.01999999999983,0,0,60,129,51,146,38.2,342
10.02999999999983,0,0,58,124,49,145,43.5,343
10.03999999999983,0,0,57,119,47,142,30.2,343
10.04999999999983,0,0,57,115,45,137,28.7,343
10.05999999999983,0,0,56,111,43,131,40.4,344
10.06999999999983,0,0,55,108,42,124,41.5,344
10.07999999999983,0,0,54,106,39,117,38.1,344
10.08999999999983,0,0,54,105,37,111,33.7,345
10.09999999999983,0,0,53,103,34,105,35.8,345
10.109999999999829,0,0,53,100,31,101,27.3,345
10.119999999999829,0,0,53,96,28,96,20.2,346
10.129999999999828,0,0,53,92,25,91,18.2,346
10.139999999999828,0,0,52,86,23,87,19.6,346
10.149999999999828,0,0,52,80,21,83,14.5,346
10.159999999999828,0,0,50,74,19,79,14.3,346
10.169999999999828,0,0,46,68,17,75,18.0,346
10.179999999999827,0,0,41,63,16,71,22.3,347
10.189999999999827,0,0,36,57,15,67,20.2,347
10.199999999999827,0,0,31,53,14,64,16.6,347
10.209999999999827,0,0,25,49,14,60,12.3,347
10.219999999999827,0,0,21,45,13,57,10.3,347
10.229999999999826,0,0,16,42,12,53,9.6,347
10.239999999999826,0,0,13,39,11,50,9.6,347
