t,i1,i2,i3,i4,i5,i6
0.0,50,4844,5169,4205,4070,5169
0.01,50,4236,4520,3677,3559,4520
0.02,50,3830,4088,3325,3219,4088
0.03,50,3570,3810,3099,3000,3810
0.04,50,3412,3642,2962,2867,3642
0.05,50,3329,3222,2890,2570,3222
0.060000000000000005,50,3298,2715,2706,2194,2715
0.07,50,3150,2191,2472,1811,2191
0.08,50,2947,1694,2225,1450,1694
0.09,50,2728,1406,2033,1166,1406
0.09999999999999999,50,2519,1266,1889,948,1266
0.10999999999999999,50,2368,1226,1788,788,1226
0.11999999999999998,50,2268,1255,1720,742,1255
0.12999999999999998,50,2166,1327,1679,769,1327
0.13999999999999999,50,2074,1475,1662,841,1475
0.15,50,1914,1662,1619,939,1662
0.16,50,1727,1864,1530,1074,1864
0.17,50,1528,1956,1422,1225,1956
0.18000000000000002,50,1338,1901,1284,1377,1901
0.19000000000000003,50,1190,1765,1138,1476,1765
0.20000000000000004,50,1080,1553,1004,1538,1553
0.21000000000000005,50,1050,1295,914,1540,1295
0.22000000000000006,50,1071,1026,857,1468,1026
0.23000000000000007,50,1124,820,825,1357,820
0.24000000000000007,50,1234,667,861,1209,667
0.25000000000000006,50,1371,624,935,1043,624
0.26000000000000006,50,1517,651,1029,877,651
0.2700000000000001,50,1661,775,1167,716,775
0.2800000000000001,50,1795,948,1323,598,948
0.2900000000000001,50,1889,1141,1481,513,1141
0.3000000000000001,50,1954,1344,1614,505,1344
0.3100000000000001,50,1960,1539,1726,544,1539
0.3200000000000001,50,1896,1717,1773,608,1717
0.3300000000000001,50,1795,1829,1778,728,1829
0.34000000000000014,50,1682,1893,1726,872,1893
0.35000000000000014,50,1571,1866,1609,1023,1866
0.36000000000000015,50,1511,1745,1461,1167,1745
0.37000000000000016,50,1486,1575,1297,1317,1575
0.38000000000000017,50,1483,1388,1175,1460,1388
0.3900000000000002,50,1538,1238,1087,1561,1238
0.4000000000000002,50,1624,1121,1025,1630,1121
0.4100000000000002,50,1702,1032,1042,1623,1032
0.4200000000000002,50,1771,1024,1106,1569,1024
0.4300000000000002,50,1800,1065,1194,1457,1065
0.4400000000000002,50,1804,1162,1325,1297,1162
0.45000000000000023,50,1763,1286,1474,1110,1286
0.46000000000000024,50,1673,1418,1623,918,1418
0.47000000000000025,50,1558,1533,1735,736,1533
0.48000000000000026,50,1436,1589,1768,594,1589
0.49000000000000027,50,1340,1608,1752,484,1608
0.5000000000000002,50,1265,1565,1675,456,1565
0.5100000000000002,50,1237,1489,1567,477,1489
0.5200000000000002,50,1240,1361,1412,527,1361
0.5300000000000002,50,1269,1200,1226,635,1200
0.5400000000000003,50,1311,1031,1040,769,1031
0.5500000000000003,50,1355,867,867,911,867
0.5600000000000003,50,1397,753,752,1066,753
0.5700000000000003,50,1434,676,681,1219,676
0.5800000000000003,50,1466,690,703,1324,690
0.5900000000000003,50,1488,758,779,1394,758
0.6000000000000003,50,1502,852,882,1405,852
0.6100000000000003,50,1515,997,1051,1380,997
0.6200000000000003,50,1525,1163,1248,1314,1163
0.6300000000000003,50,1534,1331,1449,1216,1331
0.6400000000000003,50,1570,1484,1625,1105,1484
0.6500000000000004,50,1620,1618,1773,987,1618
0.6600000000000004,50,1697,1690,1896,871,1690
0.6700000000000004,50,1784,1720,1950,775,1720
0.6800000000000004,50,1873,1683,1916,698,1683
0.6900000000000004,50,1948,1583,1830,676,1583
0.7000000000000004,50,2010,1453,1686,688,1453
0.7100000000000004,50,2047,1326,1516,764,1326
0.7200000000000004,50,2069,1210,1342,873,1210
0.7300000000000004,50,2062,1167,1229,994,1167
0.7400000000000004,50,2039,1170,1160,1115,1170
0.7500000000000004,50,1996,1201,1121,1254,1201
0.7600000000000005,50,1944,1312,1149,1394,1312
0.7700000000000005,50,1894,1462,1215,1504,1462
0.7800000000000005,50,1851,1628,1300,1590,1628
0.7900000000000005,50,1835,1761,1410,1620,1761
0.8000000000000005,50,1838,1866,1528,1614,1866
0.8100000000000005,50,1853,1883,1621,1552,1883
0.8200000000000005,50,1888,1807,1694,1460,1807
0.8300000000000005,50,1932,1679,1721,1336,1679
0.8400000000000005,50,1973,1516,1718,1185,1516
0.8500000000000005,50,2008,1342,1679,1029,1342
0.8600000000000005,50,2005,1192,1622,906,1192
0.8700000000000006,50,1980,1065,1557,810,1065
0.8800000000000006,50,1935,1017,1493,767,1017
0.8900000000000006,50,1882,1018,1444,757,1018
0.9000000000000006,50,1832,1099,1408,805,1099
0.9100000000000006,50,1779,1224,1397,884,1224
0.9200000000000006,50,1728,1367,1402,978,1367
0.9300000000000006,50,1686,1512,1421,1092,1512
0.9400000000000006,50,1653,1649,1446,1211,1649
0.9500000000000006,50,1632,1741,1471,1326,1741
0.9600000000000006,50,1620,1800,1494,1427,1800
0.9700000000000006,50,1644,1795,1512,1514,1795
0.9800000000000006,50,1688,1751,1524,1562,1751
0.9900000000000007,50,1742,1651,1537,1583,1651
1.0000000000000007,50,1806,1515,1550,1566,1515
1.0100000000000007,50,1874,1365,1566,1526,1365
1.0200000000000007,50,1921,1246,1582,1452,1246
1.0300000000000007,50,1954,1151,1598,1340,1151
1.0400000000000007,50,1975,1142,1625,1212,1142
1.0500000000000007,50,1989,1186,1656,1081,1186
1.0600000000000007,50,1994,1257,1688,956,1257
1.0700000000000007,50,1992,1383,1719,868,1383
1.0800000000000007,50,2000,1533,1722,808,1533
1.0900000000000007,50,2013,1688,1708,820,1688
1.1000000000000008,50,2020,1810,1670,874,1810
1.1100000000000008,50,2024,1904,1620,950,1904
1.1200000000000008,50,2017,1934,1571,1063,1934
1.1300000000000008,50,2004,1873,1526,1191,1873
1.1400000000000008,50,1980,1763,1501,1321,1763
1.1500000000000008,50,1952,1622,1490,1446,1622
1.1600000000000008,50,1919,1480,1503,1561,1480
1.1700000000000008,50,1885,1346,1530,1637,1346
1.1800000000000008,50,1871,1273,1583,1685,1273
1.1900000000000008,50,1870,1240,1648,1674,1240
1.2000000000000008,50,1889,1235,1702,1629,1235
1.2100000000000009,50,1920,1287,1745,1537,1287
1.2200000000000009,50,1957,1370,1743,1398,1370
1.2300000000000009,50,2007,1459,1714,1230,1459
1.2400000000000009,50,2063,1544,1652,1055,1544
1.2500000000000009,50,2106,1600,1575,905,1600
1.260000000000001,50,2138,1635,1490,781,1635
1.270000000000001,50,2150,1641,1405,726,1641
1.280000000000001,50,2150,1630,1357,717,1630
1.290000000000001,50,2137,1599,1333,736,1599
1.300000000000001,50,2119,1560,1366,828,1560
1.310000000000001,50,2082,1513,1431,958,1513
1.320000000000001,50,2036,1464,1512,1102,1464
1.330000000000001,50,1983,1432,1612,1270,1432
1.340000000000001,50,1931,1411,1716,1443,1411
1.350000000000001,50,1900,1408,1791,1606,1408
1.360000000000001,50,1883,1415,1844,1729,1415
1.370000000000001,50,1880,1429,1846,1819,1429
1.380000000000001,50,1887,1445,1803,1833,1445
1.390000000000001,50,1899,1476,1737,1769,1476
1.400000000000001,50,1913,1514,1656,1663,1514
1.410000000000001,50,1916,1548,1572,1505,1548
1.420000000000001,50,1907,1579,1507,1316,1579
1.430000000000001,50,1891,1592,1457,1121,1592
1.440000000000001,50,1873,1593,1442,939,1593
1.450000000000001,50,1854,1569,1449,823,1569
1.460000000000001,50,1837,1531,1472,754,1531
1.470000000000001,50,1820,1483,1504,718,1483
1.480000000000001,50,1814,1418,1535,748,1418
1.490000000000001,50,1815,1348,1564,815,1348
1.500000000000001,50,1802,1273,1587,929,1273
1.5100000000000011,50,1782,1201,1603,1063,1201
1.5200000000000011,50,1746,1144,1608,1201,1144
1.5300000000000011,50,1702,1100,1605,1329,1100
1.5400000000000011,50,1656,1070,1580,1443,1070
1.5500000000000012,50,1629,1051,1542,1507,1051
1.5600000000000012,50,1614,1038,1499,1538,1038
1.5700000000000012,50,1615,1044,1453,1508,1044
1.5800000000000012,50,1626,1061,1406,1417,1061
1.5900000000000012,50,1646,1086,1363,1295,1086
1.6000000000000012,50,1670,1114,1324,1141,1114
1.6100000000000012,50,1702,1138,1302,971,1138
1.6200000000000012,50,1737,1156,1290,804,1156
1.6300000000000012,50,1750,1160,1292,651,1160
1.6400000000000012,50,1748,1155,1303,529,1155
1.6500000000000012,50,1719,1130,1322,455,1130
1.6600000000000013,50,1681,1085,1344,415,1085
1.6700000000000013,50,1638,1030,1354,418,1030
1.6800000000000013,50,1604,963,1342,446,963
1.6900000000000013,50,1576,892,1317,512,892
1.7000000000000013,50,1554,822,1278,596,822
1.7100000000000013,50,1536,780,1232,702,780
1.7200000000000013,50,1516,756,1173,815,756
1.7300000000000013,50,1510,767,1118,922,767
1.7400000000000013,50,1511,796,1067,1030,796
1.7500000000000013,50,1516,848,1059,1130,848
1.7600000000000013,50,1540,910,1077,1204,910
1.7700000000000014,50,1574,986,1134,1257,986
1.7800000000000014,50,1610,1065,1211,1283,1065
1.7900000000000014,50,1645,1140,1294,1289,1140
1.8000000000000014,50,1680,1207,1386,1270,1207
1.8100000000000014,50,1714,1255,1477,1235,1255
1.8200000000000014,50,1770,1288,1557,1179,1288
1.8300000000000014,50,1835,1315,1626,1114,1315
1.8400000000000014,50,1905,1334,1667,1047,1334
1.8500000000000014,50,1974,1349,1690,1005,1349
1.8600000000000014,50,2037,1381,1697,981,1381
1.8700000000000014,50,2089,1423,1692,968,1423
1.8800000000000014,50,2131,1472,1682,986,1472
1.8900000000000015,50,2160,1522,1680,1020,1522
1.9000000000000015,50,2179,1569,1683,1088,1569
1.9100000000000015,50,2175,1613,1704,1171,1613
1.9200000000000015,50,2157,1651,1735,1259,1651
1.9300000000000015,50,2125,1676,1771,1348,1676
1.9400000000000015,50,2085,1691,1807,1431,1691
1.9500000000000015,50,2050,1682,1842,1489,1682
1.9600000000000015,50,2019,1659,1867,1527,1659
1.9700000000000015,50,2011,1621,1885,1553,1621
1.9800000000000015,50,2018,1578,1883,1547,1578
1.9900000000000015,90,2034,1530,1871,1499,1530
2.0000000000000013,90,5939,5619,5218,4685,5619
2.010000000000001,90,5489,5066,4777,4194,5066
2.020000000000001,90,5186,4698,4471,3838,4698
2.0300000000000007,90,4870,4411,4152,3549,4411
2.0400000000000005,90,4493,4073,3846,3257,4073
2.0500000000000003,90,4097,3696,3544,2987,3696
2.06,90,3718,3319,3258,2768,3319
2.07,90,3398,3010,2992,2597,3010
2.0799999999999996,90,3171,2765,2766,2483,2765
2.0899999999999994,90,3045,2629,2596,2421,2629
2.099999999999999,90,2998,2593,2481,2397,2593
2.109999999999999,90,3005,2619,2411,2391,2619
2.1199999999999988,90,3028,2684,2370,2365,2684
2.1299999999999986,90,3022,2736,2339,2309,2736
2.1399999999999983,90,2973,2725,2306,2214,2725
2.149999999999998,90,2887,2634,2258,2088,2634
2.159999999999998,90,2778,2477,2203,1949,2477
2.1699999999999977,90,2656,2275,2145,1814,2275
2.1799999999999975,90,2536,2065,2083,1696,2065
2.1899999999999973,90,2431,1870,2024,1596,1870
2.199999999999997,90,2338,1703,1976,1526,1703
2.209999999999997,90,2264,1597,1933,1491,1597
2.2199999999999966,90,2215,1548,1909,1486,1548
2.2299999999999964,90,2194,1551,1902,1501,1551
2.239999999999996,90,2183,1596,1909,1531,1596
2.249999999999996,90,2169,1648,1924,1564,1648
2.259999999999996,90,2147,1697,1940,1594,1697
2.2699999999999956,90,2125,1737,1958,1617,1737
2.2799999999999954,90,2113,1754,1973,1630,1754
2.289999999999995,90,2115,1752,1976,1632,1752
2.299999999999995,90,2121,1728,1969,1620,1728
2.3099999999999947,90,2128,1696,1951,1593,1696
2.3199999999999945,90,2130,1666,1921,1558,1666
2.3299999999999943,90,2141,1642,1887,1516,1642
2.339999999999994,90,2172,1626,1857,1472,1626
2.349999999999994,90,2217,1630,1842,1439,1630
2.3599999999999937,90,2271,1657,1843,1423,1657
2.3699999999999934,90,2317,1695,1849,1426,1695
2.3799999999999932,90,2354,1746,1857,1445,1746
2.389999999999993,90,2386,1791,1872,1470,1791
2.399999999999993,90,2409,1828,1894,1505,1828
2.4099999999999926,90,2419,1848,1914,1549,1848
2.4199999999999924,90,2412,1847,1935,1591,1847
2.429999999999992,90,2385,1832,1953,1626,1832
2.439999999999992,90,2352,1804,1958,1650,1804
2.4499999999999917,90,2316,1769,1949,1657,1769
2.4599999999999915,90,2289,1731,1940,1646,1731
2.4699999999999913,90,2269,1708,1938,1628,1708
2.479999999999991,90,2235,1693,1947,1610,1693
2.489999999999991,90,2183,1683,1955,1589,1683
2.4999999999999907,90,2122,1672,1960,1563,1672
2.5099999999999905,90,2063,1647,1963,1536,1647
2.5199999999999902,90,2022,1627,1960,1519,1627
2.52999999999999,90,2002,1626,1954,1517,1626
2.53999999999999,90,2008,1648,1945,1524,1648
2.5499999999999896,90,2038,1683,1935,1534,1683
2.5599999999999894,90,2091,1717,1918,1554,1717
2.569999999999989,90,2155,1739,1904,1573,1739
2.579999999999989,90,2220,1748,1900,1590,1748
2.5899999999999888,90,2278,1747,1905,1606,1747
2.5999999999999885,90,2317,1736,1923,1615,1736
2.6099999999999883,90,2335,1718,1948,1619,1718
2.619999999999988,90,2341,1702,1974,1612,1702
2.629999999999988,90,2345,1683,2003,1596,1683
2.6399999999999877,90,2355,1676,2031,1582,1676
2.6499999999999875,90,2371,1677,2050,1577,1677
2.6599999999999873,90,2382,1682,2055,1578,1682
2.669999999999987,90,2388,1702,2042,1585,1702
2.679999999999987,90,2391,1725,2013,1592,1725
2.6899999999999866,90,2388,1744,1980,1606,1744
2.6999999999999864,90,2376,1759,1942,1619,1759
2.709999999999986,90,2352,1769,1915,1634,1769
2.719999999999986,90,2325,1777,1910,1646,1777
2.7299999999999858,90,2304,1796,1935,1658,1796
2.7399999999999856,90,2282,1824,1979,1681,1824
2.7499999999999853,90,2253,1843,2032,1709,1843
2.759999999999985,90,2226,1854,2087,1734,1854
2.769999999999985,90,2207,1842,2132,1756,1842
2.7799999999999847,90,2205,1812,2157,1767,1812
2.7899999999999845,90,2227,1773,2161,1761,1773
2.7999999999999843,90,2263,1745,2141,1738,1745
2.809999999999984,90,2312,1730,2109,1709,1730
2.819999999999984,90,2362,1728,2074,1683,1728
2.8299999999999836,90,2401,1734,2037,1664,1734
2.8399999999999834,90,2414,1744,2005,1643,1744
2.849999999999983,90,2397,1751,1985,1622,1751
2.859999999999983,90,2372,1766,1974,1610,1766
2.869999999999983,90,2349,1775,1972,1605,1775
2.8799999999999826,90,2336,1789,1992,1607,1789
2.8899999999999824,90,2347,1796,2027,1617,1796
2.899999999999982,90,2373,1789,2069,1632,1789
2.909999999999982,90,2405,1779,2101,1645,1779
2.9199999999999817,90,2440,1763,2107,1653,1763
2.9299999999999815,90,2465,1754,2094,1660,1754
2.9399999999999813,90,2474,1749,2069,1663,1749
2.949999999999981,90,2470,1743,2040,1664,1743
2.959999999999981,90,2449,1731,2010,1663,1731
2.9699999999999807,90,2415,1722,1985,1658,1722
2.9799999999999804,90,2372,1715,1972,1650,1715
2.9899999999999802,90,2326,1718,1974,1645,1718
2.99999999999998,90,2277,1728,1986,1635,1728
3.00999999999998,90,2229,1736,2007,1633,1736
3.0199999999999796,90,2195,1742,2027,1637,1742
3.0299999999999794,90,2178,1752,2039,1646,1752
3.039999999999979,90,2174,1763,2038,1667,1763
3.049999999999979,90,2190,1779,2029,1692,1779
3.0599999999999787,90,2218,1787,2019,1711,1787
3.0699999999999785,90,2246,1786,2006,1715,1786
3.0799999999999783,90,2276,1774,1992,1706,1774
3.089999999999978,90,2290,1753,1993,1686,1753
3.099999999999978,90,2296,1731,2007,1661,1731
3.1099999999999777,90,2293,1706,2027,1631,1706
3.1199999999999775,90,2285,1690,2054,1604,1690
3.1299999999999772,90,2274,1680,2075,1590,1680
3.139999999999977,90,2275,1670,2081,1590,1670
3.149999999999977,90,2274,1669,2077,1593,1669
3.1599999999999766,90,2276,1678,2060,1599,1678
3.1699999999999764,90,2301,1694,2021,1606,1694
3.179999999999976,90,2343,1715,1972,1620,1715
3.189999999999976,90,2387,1735,1928,1634,1735
3.1999999999999758,90,2431,1744,1900,1643,1744
3.2099999999999755,90,2462,1749,1894,1646,1749
3.2199999999999753,90,2467,1747,1914,1637,1747
3.229999999999975,90,2447,1737,1955,1625,1737
3.239999999999975,90,2409,1722,2002,1619,1722
3.2499999999999747,90,2351,1701,2043,1625,1701
3.2599999999999745,90,2292,1677,2077,1633,1677
3.2699999999999743,90,2245,1649,2097,1635,1649
3.279999999999974,90,2213,1619,2104,1633,1619
3.289999999999974,90,2205,1595,2092,1633,1595
3.2999999999999736,90,2207,1575,2069,1633,1575
3.3099999999999734,90,2207,1578,2044,1634,1578
3.319999999999973,90,2209,1608,2024,1631,1608
3.329999999999973,90,2201,1647,2019,1627,1647
3.3399999999999728,90,2185,1694,2030,1629,1694
3.3499999999999726,90,2172,1738,2055,1634,1738
3.3599999999999723,90,2164,1781,2086,1641,1781
3.369999999999972,90,2173,1812,2119,1656,1812
3.379999999999972,90,2213,1834,2148,1675,1834
3.3899999999999717,90,2268,1835,2164,1702,1835
3.3999999999999715,90,2338,1823,2165,1736,1823
3.4099999999999713,90,2403,1800,2146,1772,1800
3.419999999999971,90,2461,1772,2120,1799,1772
3.429999999999971,90,2494,1747,2102,1809,1747
3.4399999999999706,90,2510,1730,2094,1801,1730
3.4499999999999704,90,2519,1723,2094,1779,1723
3.45999999999997,90,2514,1719,2105,1747,1719
3.46999999999997,90,2502,1725,2126,1711,1725
3.47999999999997,90,2482,1747,2144,1678,1747
3.4899999999999696,90,2455,1777,2157,1654,1777
3.4999999999999694,90,2425,1800,2154,1647,1800
3.509999999999969,90,2395,1814,2134,1654,1814
3.519999999999969,90,2368,1812,2111,1673,1812
3.5299999999999687,90,2348,1796,2078,1702,1796
3.5399999999999685,90,2339,1769,2050,1725,1769
3.5499999999999683,90,2333,1745,2027,1735,1745
3.559999999999968,90,2320,1725,2015,1737,1725
3.569999999999968,90,2296,1723,2008,1734,1723
3.5799999999999677,90,2245,1736,2011,1732,1736
3.5899999999999674,90,2186,1758,2024,1731,1758
3.5999999999999672,90,2139,1769,2042,1720,1769
3.609999999999967,90,2115,1765,2070,1703,1765
3.619999999999967,90,2127,1742,2094,1689,1742
3.6299999999999666,90,2156,1701,2100,1676,1701
3.6399999999999664,90,2194,1665,2090,1665,1665
3.649999999999966,90,2233,1639,2069,1656,1639
3.659999999999966,90,2280,1630,2041,1649,1630
3.6699999999999657,90,2341,1636,2023,1640,1636
3.6799999999999655,90,2403,1660,2019,1631,1660
3.6899999999999653,90,2439,1698,2019,1625,1698
3.699999999999965,90,2444,1736,2027,1622,1736
3.709999999999965,90,2431,1773,2042,1624,1773
3.7199999999999647,90,2412,1798,2067,1633,1798
3.7299999999999645,90,2390,1804,2090,1642,1804
3.7399999999999642,90,2372,1780,2095,1650,1780
3.749999999999964,90,2366,1740,2081,1653,1740
3.759999999999964,90,2373,1707,2057,1657,1707
3.7699999999999636,90,2390,1688,2043,1668,1688
3.7799999999999634,90,2400,1676,2033,1683,1676
3.789999999999963,90,2393,1662,2029,1692,1662
3.799999999999963,90,2371,1645,2029,1689,1645
3.8099999999999627,90,2333,1626,2023,1676,1626
3.8199999999999625,90,2285,1617,2019,1653,1617
3.8299999999999623,90,2237,1609,2015,1634,1609
3.839999999999962,90,2197,1603,2020,1618,1603
3.849999999999962,90,2164,1593,2033,1609,1593
3.8599999999999617,90,2137,1568,2046,1600,1568
3.8699999999999615,90,2125,1526,2059,1585,1526
3.8799999999999613,90,2126,1490,2070,1567,1490
3.889999999999961,90,2147,1473,2080,1555,1473
3.899999999999961,90,2176,1473,2077,1552,1473
3.9099999999999606,90,2202,1493,2062,1550,1493
3.9199999999999604,90,2225,1517,2042,1548,1517
3.92999999999996,90,2244,1539,2024,1555,1539
3.93999999999996,90,2255,1552,2007,1569,1552
3.9499999999999598,90,2261,1559,1989,1583,1559
3.9599999999999596,90,2276,1575,1975,1592,1575
3.9699999999999593,90,2295,1596,1982,1598,1596
3.979999999999959,90,2323,1626,2003,1611,1626
3.989999999999959,130,2360,1665,2036,1625,1665
3.9999999999999587,130,6270,5838,5436,4895,5838
4.009999999999959,130,5811,5337,5045,4505,5337
4.019999999999959,130,5516,4989,4775,4221,4989
4.0299999999999585,130,5241,4669,4530,3966,4669
4.039999999999958,130,4958,4336,4281,3726,4336
4.049999999999958,130,4668,4008,4044,3502,4008
4.059999999999958,130,4386,3711,3827,3306,3711
4.069999999999958,130,4142,3483,3650,3149,3483
4.079999999999957,130,3945,3327,3525,3039,3327
4.089999999999957,130,3809,3232,3439,2964,3232
4.099999999999957,130,3717,3197,3382,2913,3197
4.109999999999957,130,3657,3168,3318,2880,3168
4.119999999999957,130,3590,3139,3250,2855,3139
4.129999999999956,130,3508,3088,3169,2829,3088
4.139999999999956,130,3432,3021,3066,2767,3021
4.149999999999956,130,3370,2916,2958,2683,2916
4.159999999999956,130,3323,2797,2876,2590,2797
4.1699999999999555,130,3283,2676,2816,2481,2676
4.179999999999955,130,3243,2559,2769,2372,2559
4.189999999999955,130,3212,2463,2733,2276,2463
4.199999999999955,130,3203,2398,2693,2212,2398
4.209999999999955,130,3214,2360,2651,2184,2360
4.2199999999999545,130,3215,2353,2615,2188,2353
4.229999999999954,130,3200,2378,2590,2205,2378
4.239999999999954,130,3176,2405,2581,2225,2405
4.249999999999954,130,3119,2427,2590,2243,2427
4.259999999999954,130,3056,2445,2614,2259,2445
4.269999999999953,130,2985,2433,2644,2266,2433
4.279999999999953,130,2922,2394,2667,2271,2394
4.289999999999953,130,2882,2333,2690,2264,2333
4.299999999999953,130,2866,2262,2704,2250,2262
4.3099999999999525,130,2865,2195,2713,2236,2195
4.319999999999952,130,2878,2142,2710,2220,2142
4.329999999999952,130,2903,2111,2695,2191,2111
4.339999999999952,130,2941,2103,2679,2161,2103
4.349999999999952,130,2988,2104,2666,2128,2104
4.3599999999999515,130,3038,2114,2640,2095,2114
4.369999999999951,130,3081,2134,2623,2060,2134
4.379999999999951,130,3126,2152,2611,2025,2152
4.389999999999951,130,3172,2172,2600,2014,2172
4.399999999999951,130,3199,2205,2593,2021,2205
4.40999999999995,130,3203,2237,2618,2037,2237
4.41999999999995,130,3185,2258,2657,2069,2258
4.42999999999995,130,3119,2251,2701,2114,2251
4.43999999999995,130,3029,2209,2741,2157,2209
4.4499999999999496,130,2934,2157,2765,2194,2157
4.459999999999949,130,2846,2096,2770,2226,2096
4.469999999999949,130,2784,2042,2763,2241,2042
4.479999999999949,130,2746,2023,2741,2244,2023
4.489999999999949,130,2728,2020,2708,2233,2020
4.4999999999999485,130,2735,2036,2674,2212,2036
4.509999999999948,130,2753,2065,2637,2184,2065
4.519999999999948,130,2788,2095,2596,2152,2095
4.529999999999948,130,2844,2127,2568,2116,2127
4.539999999999948,130,2908,2154,2544,2086,2154
4.549999999999947,130,2967,2174,2524,2063,2174
4.559999999999947,130,3020,2180,2518,2047,2180
4.569999999999947,130,3043,2180,2529,2043,2180
4.579999999999947,130,3034,2176,2549,2051,2176
4.589999999999947,130,3018,2174,2568,2057,2174
4.599999999999946,130,3016,2182,2590,2073,2182
4.609999999999946,130,3018,2195,2604,2099,2195
4.619999999999946,130,3021,2190,2627,2127,2190
4.629999999999946,130,3016,2171,2653,2150,2171
4.6399999999999455,130,2993,2135,2679,2157,2135
4.649999999999945,130,2948,2090,2689,2154,2090
4.659999999999945,130,2892,2051,2688,2137,2051
4.669999999999945,130,2837,2018,2669,2114,2018
4.679999999999945,130,2799,1995,2644,2083,1995
4.689999999999944,130,2807,2002,2627,2068,2002
4.699999999999944,130,2847,2026,2625,2067,2026
4.709999999999944,130,2902,2053,2626,2077,2053
4.719999999999944,130,2959,2076,2631,2082,2076
4.729999999999944,130,3001,2094,2632,2084,2094
4.739999999999943,130,3017,2090,2628,2080,2090
4.749999999999943,130,3004,2072,2624,2072,2072
4.759999999999943,130,2974,2042,2617,2059,2042
4.769999999999943,130,2931,2006,2601,2051,2006
4.7799999999999425,130,2905,2001,2577,2045,2001
4.789999999999942,130,2894,2018,2552,2063,2018
4.799999999999942,130,2889,2043,2522,2086,2043
4.809999999999942,130,2874,2057,2494,2108,2057
4.819999999999942,130,2854,2053,2483,2116,2053
4.8299999999999415,130,2820,2035,2484,2115,2035
4.839999999999941,130,2787,2004,2498,2105,2004
4.849999999999941,130,2770,1972,2531,2079,1972
4.859999999999941,130,2764,1936,2568,2042,1936
4.869999999999941,130,2755,1899,2595,2003,1899
4.87999999999994,130,2762,1878,2610,1970,1878
4.88999999999994,130,2787,1863,2620,1942,1863
4.89999999999994,130,2820,1865,2615,1918,1865
4.90999999999994,130,2861,1882,2609,1912,1882
4.9199999999999395,130,2915,1916,2603,1925,1916
4.929999999999939,130,2966,1952,2596,1952,1952
4.939999999999939,130,3003,1991,2586,1985,1991
4.949999999999939,130,3024,2026,2574,2019,2026
4.959999999999939,130,3030,2040,2562,2059,2040
4.9699999999999385,130,3027,2037,2565,2092,2037
4.979999999999938,130,3009,2024,2577,2118,2024
4.989999999999938,130,2976,1991,2597,2132,1991
4.999999999999938,130,2909,1962,2614,2138,1962
5.009999999999938,130,2830,1941,2630,2126,1941
5.019999999999937,130,2754,1926,2646,2109,1926
5.029999999999937,130,2702,1924,2653,2089,1924
5.039999999999937,130,2692,1926,2642,2073,1926
5.049999999999937,130,2726,1934,2622,2063,1934
5.0599999999999365,130,2783,1954,2602,2065,1954
5.069999999999936,130,2847,1976,2574,2073,1976
5.079999999999936,130,2905,1996,2556,2089,1996
5.089999999999936,130,2962,2001,2551,2101,2001
5.099999999999936,130,2983,2000,2548,2099,2000
5.1099999999999355,130,2995,2001,2542,2085,2001
5.119999999999935,130,3009,1998,2545,2065,1998
5.129999999999935,130,3019,2006,2555,2053,2006
5.139999999999935,130,3021,2025,2571,2043,2025
5.149999999999935,130,3024,2035,2582,2039,2035
5.159999999999934,130,3025,2043,2586,2035,2043
5.169999999999934,130,3010,2051,2585,2024,2051
5.179999999999934,130,2980,2039,2589,2013,2039
5.189999999999934,130,2941,2011,2603,2010,2011
5.199999999999934,130,2884,1975,2607,2005,1975
5.209999999999933,130,2830,1928,2601,2002,1928
5.219999999999933,130,2790,1872,2586,2004,1872
5.229999999999933,130,2765,1829,2551,2010,1829
5.239999999999933,130,2750,1805,2506,2005,1805
5.2499999999999325,130,2747,1807,2459,2003,1807
5.259999999999932,130,2742,1829,2409,2005,1829
5.269999999999932,130,2749,1862,2372,2006,1862
5.279999999999932,130,2777,1894,2367,2003,1894
5.289999999999932,130,2797,1920,2377,2001,1920
5.299999999999931,130,2802,1939,2392,1992,1939
5.309999999999931,130,2786,1944,2398,1980,1944
5.319999999999931,130,2753,1931,2390,1963,1931
5.329999999999931,130,2721,1908,2386,1947,1908
5.339999999999931,130,2703,1884,2394,1937,1884
5.34999999999993,130,2691,1852,2410,1944,1852
5.35999999999993,130,2696,1827,2421,1962,1827
5.36999999999993,130,2710,1802,2443,1982,1802
5.37999999999993,130,2733,1783,2470,2004,1783
5.3899999999999295,130,2746,1769,2498,2023,1769
5.399999999999929,130,2753,1767,2524,2031,1767
5.409999999999929,130,2733,1768,2552,2025,1768
5.419999999999929,130,2703,1780,2566,2014,1780
5.429999999999929,130,2681,1797,2572,1998,1797
5.4399999999999284,130,2687,1816,2565,1986,1816
5.449999999999928,130,2717,1835,2554,1982,1835
5.459999999999928,130,2781,1860,2534,1985,1860
5.469999999999928,130,2873,1889,2513,1982,1889
5.479999999999928,130,2981,1921,2512,1989,1921
5.489999999999927,130,3074,1959,2522,2003,1959
5.499999999999927,130,3126,2005,2542,2026,2005
5.509999999999927,130,3143,2054,2571,2050,2054
5.519999999999927,130,3119,2088,2603,2080,2088
5.5299999999999265,130,3060,2115,2624,2112,2115
5.539999999999926,130,2975,2127,2640,2143,2127
5.549999999999926,130,2885,2124,2642,2175,2124
5.559999999999926,130,2784,2104,2635,2202,2104
5.569999999999926,130,2696,2080,2609,2221,2080
5.5799999999999255,130,2644,2059,2580,2227,2059
5.589999999999925,130,2624,2056,2551,2214,2056
5.599999999999925,130,2625,2054,2532,2186,2054
5.609999999999925,130,2648,2045,2524,2153,2045
5.619999999999925,130,2678,2018,2530,2107,2018
5.629999999999924,130,2701,1978,2538,2064,1978
5.639999999999924,130,2715,1923,2538,2026,1923
5.649999999999924,130,2722,1869,2530,1990,1869
5.659999999999924,130,2721,1823,2518,1953,1823
5.6699999999999235,130,2731,1789,2505,1927,1789
5.679999999999923,130,2739,1765,2495,1904,1765
5.689999999999923,130,2731,1752,2488,1885,1752
5.699999999999923,130,2715,1744,2972,1866,1744
5.709999999999923,130,2699,1733,3222,1849,1733
5.7199999999999225,130,2675,1717,3307,1829,1717
5.729999999999922,130,2656,1708,3265,1813,1708
5.739999999999922,130,2650,1708,3162,1801,1708
5.749999999999922,130,2642,1718,3037,1801,1718
5.759999999999922,130,2622,1728,2922,1816,1728
5.769999999999921,130,2586,1738,2831,1835,1738
5.779999999999921,130,2525,1737,2755,1855,1737
5.789999999999921,130,2462,1729,2703,1871,1729
5.799999999999921,130,2423,1722,2670,1889,1722
5.809999999999921,130,2404,1721,2651,1908,1721
5.81999999999992,130,2402,1717,2631,1929,1717
5.82999999999992,130,2411,1717,2613,1939,1717
5.83999999999992,130,2432,1709,2593,1938,1709
5.84999999999992,130,2473,1696,2575,1926,1696
5.8599999999999195,130,2527,1691,2551,1904,1691
5.869999999999919,130,2575,1676,2533,1875,1676
5.879999999999919,130,2613,1669,2512,1849,1669
5.889999999999919,130,2633,1668,2503,1831,1668
5.899999999999919,130,2631,1678,2501,1821,1678
5.909999999999918,130,2604,1694,2507,1817,1694
5.919999999999918,130,2575,1717,2525,1813,1717
5.929999999999918,130,2547,1734,2564,1808,1734
5.939999999999918,130,2521,1749,2613,1811,1749
5.949999999999918,130,2501,1758,2650,1821,1758
5.959999999999917,130,2477,1762,2677,1842,1762
5.969999999999917,130,2452,1753,2692,1864,1753
5.979999999999917,130,2432,1742,2685,1889,1742
5.989999999999917,170,2412,1725,2664,1903,1725
5.9999999999999165,170,6289,5837,6004,5169,5837
6.009999999999916,170,5821,5300,5539,4767,5300
6.019999999999916,170,5498,4885,5209,4462,4885
6.029999999999916,170,5254,4540,4920,4212,4540
6.039999999999916,170,5056,4213,4682,3970,4213
6.0499999999999154,170,4882,3923,4470,3750,3923
6.059999999999915,170,4709,3676,4295,3551,3676
6.069999999999915,170,4560,3501,4172,3395,3501
6.079999999999915,170,4428,3402,4112,3283,3402
6.089999999999915,170,4319,3366,4087,3216,3366
6.099999999999914,170,4191,3339,4080,3175,3339
6.109999999999914,170,4067,3298,4052,3141,3298
6.119999999999914,170,3949,3242,3999,3113,3242
6.129999999999914,170,3845,3165,3932,3082,3165
6.1399999999999135,170,3764,3076,3848,3051,3076
6.149999999999913,170,3709,2978,3766,3006,2978
6.159999999999913,170,3693,2897,3696,2951,2897
6.169999999999913,170,3704,2849,3636,2899,2849
6.179999999999913,170,3720,2835,3589,2858,2835
6.1899999999999125,170,3741,2853,3558,2831,2853
6.199999999999912,170,3756,2887,3537,2817,2887
6.209999999999912,170,3773,2930,3535,2812,2930
6.219999999999912,170,3796,2973,3551,2819,2973
6.229999999999912,170,3806,3006,3567,2837,3006
6.239999999999911,170,3792,3008,3589,2847,3008
6.249999999999911,170,3760,2976,3605,2853,2976
6.259999999999911,170,3722,2934,3616,2868,2934
6.269999999999911,170,3665,2887,3636,2877,2887
6.2799999999999105,170,3598,2844,3642,2890,2844
6.28999999999991,170,3556,2826,3636,2902,2826
6.29999999999991,170,3535,2806,3631,2898,2806
6.30999999999991,170,3569,2796,3624,2893,2796
6.31999999999991,170,3633,2807,3620,2891,2807
6.3299999999999095,170,3707,2816,3615,2882,2816
6.339999999999909,170,3783,2834,3614,2868,2834
6.349999999999909,170,3835,2869,3604,2854,2869
6.359999999999909,170,3864,2899,3590,2840,2899
6.369999999999909,170,3874,2906,3586,2820,2906
6.379999999999908,170,3864,2899,3573,2802,2899
6.389999999999908,170,3834,2884,3571,2805,2884
6.399999999999908,170,3781,2857,3590,2812,2857
6.409999999999908,170,3714,2819,3610,2822,2819
6.419999999999908,170,3635,2777,3625,2829,2777
6.429999999999907,170,3544,2722,3634,2824,2722
6.439999999999907,170,3478,2671,3626,2815,2671
6.449999999999907,170,3475,2636,3609,2805,2636
6.459999999999907,170,3509,2620,3599,2795,2620
6.4699999999999065,170,3576,2623,3601,2777,2623
6.479999999999906,170,3663,2635,3611,2753,2635
6.489999999999906,170,3748,2671,3616,2731,2671
6.499999999999906,170,3817,2724,3620,2714,2724
6.509999999999906,170,3856,2763,3625,2705,2763
6.519999999999905,170,3866,2793,3627,2712,2793
6.529999999999905,170,3840,2810,3635,2724,2810
6.539999999999905,170,3790,2799,3635,2735,2799
6.549999999999905,170,3721,2777,3618,2748,2777
6.559999999999905,170,3631,2754,3616,2762,2754
6.569999999999904,170,3552,2727,3622,2774,2727
6.579999999999904,170,3501,2695,3625,2778,2695
6.589999999999904,170,3458,2660,3633,2779,2660
6.599999999999904,170,3434,2636,3641,2780,2636
6.6099999999999035,170,3441,2633,3637,2771,2633
6.619999999999903,170,3475,2638,3610,2766,2638
6.629999999999903,170,3543,2660,3580,2766,2660
6.639999999999903,170,3636,2692,3549,2761,2692
6.649999999999903,170,3726,2718,3528,2747,2718
6.659999999999902,170,3790,2743,3528,2743,2743
6.669999999999902,170,3830,2756,3545,2740,2756
6.679999999999902,170,3840,2752,3570,2736,2752
6.689999999999902,170,3811,2729,3592,2733,2729
6.699999999999902,170,3737,2695,3618,2732,2695
6.709999999999901,170,3655,2657,3633,2732,2657
6.719999999999901,170,3582,2614,3633,2733,2614
6.729999999999901,170,3544,2566,3628,2737,2566
6.739999999999901,170,3538,2535,3620,2739,2535
6.7499999999999005,170,3568,2513,3600,2732,2513
6.7599999999999,170,3632,2506,3563,2724,2506
6.7699999999999,170,3706,2517,3539,2720,2517
6.7799999999999,170,3779,2547,3518,2707,2547
6.7899999999999,170,3824,2577,3497,2689,2577
6.7999999999998995,170,3850,2600,3487,2669,2600
6.809999999999899,170,3850,2613,3488,2646,2613
6.819999999999899,170,3809,2614,3507,2622,2614
6.829999999999899,170,3728,2598,3536,2599,2598
6.839999999999899,170,3634,2564,3564,2585,2564
6.849999999999898,170,3550,2534,3591,2580,2534
6.859999999999898,170,3486,2499,3600,2582,2499
6.869999999999898,170,3455,2462,3605,2590,2462
6.879999999999898,170,3468,2446,3596,2601,2446
6.8899999999998975,170,3514,2442,3564,2613,2442
6.899999999999897,170,3595,2454,3539,2636,2454
6.909999999999897,170,3700,2479,3519,2660,2479
6.919999999999897,170,3787,2520,3493,2675,2520
6.929999999999897,170,3831,2562,3480,2683,2562
6.9399999999998965,170,3857,2588,3482,2691,2588
6.949999999999896,170,3843,2593,3500,2691,2593
6.959999999999896,170,3789,2595,3535,2688,2595
6.969999999999896,170,3707,2580,3569,2692,2580
6.979999999999896,170,3617,2556,3594,2699,2556
6.989999999999895,170,3545,2541,3615,2707,2541
6.999999999999895,170,3505,2533,3640,2726,2533
7.009999999999895,170,3509,2528,3654,2740,2528
7.019999999999895,170,3556,2535,3661,2753,2535
7.0299999999998946,170,3609,2544,3663,2768,2544
7.039999999999894,170,3665,2558,3644,2773,2558
7.049999999999894,170,3721,2587,3612,2771,2587
7.059999999999894,170,3755,2623,3584,2765,2623
7.069999999999894,170,3775,2653,3539,2761,2653
7.0799999999998935,170,3784,2676,3508,2755,2676
7.089999999999893,170,3778,2689,3504,2748,2689
7.099999999999893,170,3759,2686,3506,2740,2686
7.109999999999893,170,3721,2673,3522,2734,2673
7.119999999999893,170,3660,2647,3550,2724,2647
7.129999999999892,170,3598,2605,3580,2732,2605
7.139999999999892,170,3549,2560,3608,2742,2560
7.149999999999892,170,3514,2522,3623,2753,2522
7.159999999999892,170,3512,2475,3625,2764,2475
7.169999999999892,170,3559,2441,3611,2763,2441
7.179999999999891,170,3633,2439,3597,2760,2439
7.189999999999891,170,3714,2471,3599,2759,2471
7.199999999999891,170,3781,2510,3594,2751,2510
7.209999999999891,170,3818,2557,3594,2737,2557
7.2199999999998905,170,3822,2601,3600,2717,2601
7.22999999999989,170,3811,2631,3598,2694,2631
7.23999999999989,170,3783,2660,3610,2689,2660
7.24999999999989,170,3737,2676,3642,2696,2676
7.25999999999989,170,3692,2667,3675,2715,2667
7.269999999999889,170,3652,2647,3715,2742,2647
7.279999999999889,170,3616,2621,3756,2768,2621
7.289999999999889,170,3598,2580,3781,2795,2580
7.299999999999889,170,3596,2538,3784,2817,2538
7.309999999999889,170,3613,2506,3769,2836,2506
7.319999999999888,170,3653,2501,3749,2854,2501
7.329999999999888,170,3712,2507,3709,2854,2507
7.339999999999888,170,3776,2539,3681,2846,2539
7.349999999999888,170,3842,2583,3667,2841,2583
7.3599999999998875,170,3889,2628,3643,2839,2628
7.369999999999887,170,3899,2665,3631,2838,2665
7.379999999999887,170,3883,2687,3622,2835,2687
7.389999999999887,170,3839,2684,3616,2831,2684
7.399999999999887,170,3782,2667,3628,2826,2667
7.4099999999998865,170,3725,2642,3646,2826,2642
7.419999999999886,170,3684,2609,3662,2832,2609
7.429999999999886,170,3665,2565,3681,2841,2565
7.439999999999886,170,3664,2522,3697,2856,2522
7.449999999999886,170,3682,2486,3709,2866,2486
7.459999999999885,170,3712,2466,3712,2858,2466
7.469999999999885,170,3746,2457,3716,2851,2457
7.479999999999885,170,3786,2460,3714,2838,2460
7.489999999999885,170,3826,2478,3692,2816,2478
7.4999999999998845,170,3851,2496,3669,2782,2496
7.509999999999884,170,3871,2517,3646,2747,2517
7.519999999999884,170,3881,2529,3625,2713,2529
7.529999999999884,170,3864,2539,3624,2687,2539
7.539999999999884,170,3832,2557,3644,2677,2557
7.5499999999998835,170,3780,2564,3660,2682,2564
7.559999999999883,170,3703,2560,3684,2698,2560
7.569999999999883,170,3619,2544,3719,2717,2544
7.579999999999883,170,3555,2523,3765,2747,2523
7.589999999999883,170,3528,2490,3816,2768,2490
7.599999999999882,170,3529,2452,3843,2777,2452
7.609999999999882,170,3568,2400,3837,2787,2400
7.619999999999882,170,3653,2360,3796,2793,2360
7.629999999999882,170,3756,2349,3752,2806,2349
7.6399999999998816,170,3864,2370,3698,2834,2370
7.649999999999881,170,3950,2416,3626,2873,2416
7.659999999999881,170,3988,2471,3549,2908,2471
7.669999999999881,170,3999,2545,3484,2936,2545
7.679999999999881,170,4010,2635,3461,2953,2635
7.6899999999998805,170,4008,2724,3502,2978,2724
7.69999999999988,170,4011,2802,3582,3006,2802
7.70999999999988,170,3996,2860,3673,3024,2860
7.71999999999988,170,3988,2902,3776,3030,2902
7.72999999999988,170,4011,2931,3891,3037,2931
7.739999999999879,170,4048,2929,3980,3033,2929
7.749999999999879,170,4081,2912,4036,3031,2912
7.759999999999879,170,4138,2902,4051,3037,2902
7.769999999999879,170,4217,2897,4025,3045,2897
7.779999999999879,170,4306,2882,3992,3061,2882
7.789999999999878,170,4358,2853,3953,3063,2853
7.799999999999878,170,4358,2823,3898,3053,2823
7.809999999999878,170,4324,2785,3857,3037,2785
7.819999999999878,170,4259,2746,3833,3005,2746
7.8299999999998775,170,4173,2714,3822,2962,2714
7.839999999999877,170,4067,2683,3828,2919,2683
7.849999999999877,170,3970,2661,3828,2876,2661
7.859999999999877,170,3884,2641,3833,2835,2641
7.869999999999877,170,3820,2610,3834,2796,2610
7.879999999999876,170,3818,2584,3814,2774,2584
7.889999999999876,170,3847,2573,3793,2769,2573
7.899999999999876,170,3874,2566,3768,2776,2566
7.909999999999876,170,3885,2549,3736,2792,2549
7.919999999999876,170,3885,2541,3697,2801,2541
7.929999999999875,170,3894,2553,3663,2805,2553
7.939999999999875,170,3936,2581,3667,2827,2581
7.949999999999875,170,4005,2625,3699,2867,2625
7.959999999999875,170,4068,2672,3763,2914,2672
7.9699999999998745,170,4107,2713,3843,2962,2713
7.979999999999874,170,4125,2757,3927,2998,2757
7.989999999999874,210,4108,2791,4017,3023,2791
7.999999999999874,210,7950,6981,7445,6305,6981
8.009999999999874,210,7433,6518,7053,5919,6518
8.019999999999873,210,7063,6191,6736,5650,6191
8.029999999999873,210,6778,5932,6455,5447,5932
8.039999999999873,210,6554,5720,6207,5293,5720
8.049999999999873,210,6385,5553,5997,5170,5553
8.059999999999873,210,6273,5426,5816,5082,5426
8.069999999999872,210,6199,5315,5661,5019,5315
8.079999999999872,210,6132,5213,5545,4977,5213
8.089999999999872,210,6077,5135,5482,4940,5135
8.099999999999872,210,6032,5073,5459,4907,5073
8.109999999999872,210,5979,5010,5464,4868,5010
8.119999999999871,210,5916,4943,5468,4816,4943
8.129999999999871,210,5855,4890,5463,4761,4890
8.139999999999871,210,5811,4854,5464,4718,4854
8.14999999999987,210,5781,4822,5465,4688,4822
8.15999999999987,210,5759,4780,5450,4673,4780
8.16999999999987,210,5765,4724,5426,4662,4724
8.17999999999987,210,5821,4664,5404,4652,4664
8.18999999999987,210,5897,4609,5389,4646,4609
8.19999999999987,210,5967,4564,5373,4634,4564
8.20999999999987,210,6010,4535,5379,4616,4535
8.21999999999987,210,6033,4535,5408,4594,4535
8.229999999999869,210,6041,4555,5458,4582,4555
8.239999999999869,210,6029,4580,5512,4585,4580
8.249999999999869,210,5992,4598,5568,4599,4598
8.259999999999868,210,5935,4610,5616,4611,4610
8.269999999999868,210,5889,4615,5650,4629,4615
8.279999999999868,210,5860,4617,5679,4653,4617
8.289999999999868,210,5849,4609,5695,4665,4609
8.299999999999867,210,5873,4613,5684,4664,4613
8.309999999999867,210,5939,4638,5660,4664,4638
8.319999999999867,210,6037,4684,5649,4667,4684
8.329999999999867,210,6150,4733,5661,4668,4733
8.339999999999867,210,6248,4787,5678,4681,4787
8.349999999999866,210,6317,4854,5689,4708,4854
8.359999999999866,210,6340,4913,5708,4744,4913
8.369999999999866,210,6326,4951,5731,4780,4951
8.379999999999866,210,6280,4971,5750,4807,4971
8.389999999999866,210,6211,4975,5767,4826,4975
8.399999999999865,210,6159,4956,5782,4828,4956
8.409999999999865,210,6149,4941,5793,4821,4941
8.419999999999865,210,6165,4943,5806,4829,4943
8.429999999999865,210,6189,4943,5817,4846,4943
8.439999999999864,210,6183,4924,5809,4853,4924
8.449999999999864,210,6166,4882,5776,4852,4882
8.459999999999864,210,6144,4845,5727,4854,4845
8.469999999999864,210,6130,4828,5689,4873,4828
8.479999999999864,210,6107,4810,5664,4891,4810
8.489999999999863,210,6071,4785,5653,4891,4785
8.499999999999863,210,6045,4759,5656,4876,4759
8.509999999999863,210,6035,4743,5675,4848,4743
8.519999999999863,210,6032,4726,5697,4811,4726
8.529999999999863,210,6039,4711,5708,4760,4711
8.539999999999862,210,6074,4721,5713,4724,4721
8.549999999999862,210,6132,4764,5722,4717,4764
8.559999999999862,210,6202,4834,5726,4732,4834
8.569999999999862,210,6278,4908,5717,4757,4908
8.579999999999862,210,6359,4988,5719,4808,4988
8.589999999999861,210,6422,5059,5744,4883,5059
8.599999999999861,210,6452,5106,5781,4954,5106
8.60999999999986,210,6454,5123,5797,5000,5123
8.61999999999986,210,6413,5112,5790,5030,5112
8.62999999999986,210,6350,5100,5795,5055,5100
8.63999999999986,210,6283,5074,5808,5080,5074
8.64999999999986,210,6206,5020,5822,5096,5020
8.65999999999986,210,6127,4947,5828,5100,4947
8.66999999999986,210,6063,4861,5815,5076,4861
8.67999999999986,210,6054,4767,5773,5029,4767
8.68999999999986,210,6110,4670,5705,4968,4670
8.699999999999859,210,6215,4611,5643,4912,4611
8.709999999999859,210,6325,4606,5631,4876,4606
8.719999999999859,210,6411,4661,5682,4855,4661
8.729999999999858,210,6465,4749,5759,4839,4749
8.739999999999858,210,6484,4837,5829,4826,4837
8.749999999999858,210,6464,4921,5884,4817,4921
8.759999999999858,210,6413,5006,5914,4811,5006
8.769999999999857,210,6374,5086,5910,4818,5086
8.779999999999857,210,6380,5164,5875,4856,5164
8.789999999999857,210,6420,5230,5842,4919,5230
8.799999999999857,210,6480,5272,5840,4992,5272
8.809999999999857,210,6517,5279,5870,5061,5279
8.819999999999856,210,6532,5251,5901,5114,5251
8.829999999999856,210,6527,5199,5918,5143,5199
8.839999999999856,210,6508,5115,5931,5139,5115
8.849999999999856,210,6474,5030,5947,5118,5030
8.859999999999856,210,6429,4969,5959,5097,4969
8.869999999999855,210,6364,4918,5955,5077,4918
8.879999999999855,210,6287,4890,5928,5056,4890
8.889999999999855,210,6247,4887,5875,5032,4887
8.899999999999855,210,6276,4918,5813,5015,4918
8.909999999999854,210,6348,5001,5762,5009,5001
8.919999999999854,210,6442,5136,5750,5012,5136
8.929999999999854,210,6570,5309,5789,5051,5309
8.939999999999854,210,6706,5480,5853,5130,5480
8.949999999999854,210,6813,5612,5927,5236,5612
8.959999999999853,210,6879,5686,6004,5338,5686
8.969999999999853,210,6900,5693,6074,5417,5693
8.979999999999853,210,6872,5661,6147,5466,5661
8.989999999999853,210,6813,5599,6221,5485,5599
8.999999999999853,210,6739,5519,6261,5481,5519
9.009999999999852,210,6666,5429,6258,5458,5429
9.019999999999852,210,6625,5327,6209,5410,5327
9.029999999999852,210,6641,5234,6149,5344,5234
9.039999999999852,210,6708,5148,6116,5269,5148
9.049999999999851,210,6793,5091,6143,5198,5091
9.059999999999851,210,6863,5061,6189,5137,5061
9.069999999999851,210,6891,5040,6223,5080,5040
9.07999999999985,210,6879,5023,6225,5023,5023
9.08999999999985,210,6829,5013,6183,4987,5013
9.09999999999985,210,6763,5065,6136,5008,5065
9.10999999999985,210,6698,5146,6131,5086,5146
9.11999999999985,210,6637,5212,6134,5183,5212
9.12999999999985,210,6580,5251,6115,5272,5251
9.13999999999985,210,6572,5272,6078,5343,5272
9.14999999999985,210,6629,5310,6063,5388,5310
9.15999999999985,210,6696,5359,6074,5416,5359
9.169999999999849,210,6753,5398,6085,5458,5398
9.179999999999849,210,6787,5416,6077,5505,5416
9.189999999999849,210,6786,5415,6078,5523,5415
9.199999999999848,210,6754,5404,6099,5521,5404
9.209999999999848,210,6707,5369,6113,5496,5369
9.219999999999848,210,6659,5317,6107,5452,5317
9.229999999999848,210,6609,5251,6105,5393,5251
9.239999999999847,210,6553,5161,6116,5319,5161
9.249999999999847,210,6502,5077,6117,5240,5077
9.259999999999847,210,6486,5003,6075,5161,5003
9.269999999999847,210,6515,4948,5998,5090,4948
9.279999999999847,210,6578,4949,5932,5062,4949
9.289999999999846,210,6652,5026,5899,5084,5026
9.299999999999846,210,6712,5120,5907,5137,5120
9.309999999999846,210,6747,5195,5931,5193,5195
9.319999999999846,210,6747,5250,5956,5235,5250
9.329999999999846,210,6727,5271,5950,5256,5271
9.339999999999845,210,6679,5256,5930,5252,5256
9.349999999999845,210,6634,5217,5926,5238,5217
9.359999999999845,210,6594,5165,5937,5207,5165
9.369999999999845,210,6560,5104,5943,5176,5104
9.379999999999844,210,6544,5028,5934,5146,5028
9.389999999999844,210,6554,4970,5916,5123,4970
9.399999999999844,210,6560,4982,5909,5120,4982
9.409999999999844,210,6551,5043,5920,5132,5043
9.419999999999844,210,6508,5103,5922,5145,5103
9.429999999999843,210,6452,5144,5904,5155,5144
9.439999999999843,210,6417,5176,5885,5165,5176
9.449999999999843,210,6405,5204,5897,5179,5204
9.459999999999843,210,6417,5215,5923,5197,5215
9.469999999999843,210,6445,5201,5947,5213,5201
9.479999999999842,210,6503,5168,5966,5234,5168
9.489999999999842,210,6584,5145,5975,5256,5145
9.499999999999842,210,6660,5127,5997,5282,5127
9.509999999999842,210,6737,5120,6037,5307,5120
9.519999999999841,210,6796,5132,6076,5335,5132
9.529999999999841,210,6820,5160,6110,5362,5160
9.539999999999841,210,6799,5176,6133,5380,5176
9.54999999999984,210,6744,5177,6146,5380,5177
9.55999999999984,210,6668,5148,6128,5363,5148
9.56999999999984,210,6606,5091,6095,5325,5091
9.57999999999984,210,6594,5043,6075,5297,5043
9.58999999999984,210,6635,4999,6081,5278,4999
9.59999999999984,210,6692,4959,6086,5272,4959
9.60999999999984,210,6733,4943,6083,5261,4943
9.61999999999984,210,6755,4947,6062,5239,4947
9.62999999999984,210,6776,4981,6030,5203,4981
9.639999999999839,210,6796,5029,6024,5181,5029
9.649999999999839,210,6788,5080,6034,5178,5080
9.659999999999838,210,6751,5118,6050,5177,5118
9.669999999999838,210,6687,5133,6057,5176,5133
9.679999999999838,210,6623,5119,6065,5166,5119
9.689999999999838,210,6590,5098,6097,5165,5098
9.699999999999838,210,6586,5074,6149,5180,5074
9.709999999999837,210,6582,5044,6205,5196,5044
9.719999999999837,210,6570,5022,6230,5205,5022
9.729999999999837,210,6568,5005,6218,5209,5005
9.739999999999837,210,6618,5002,6187,5217,5002
9.749999999999837,210,6676,5031,6152,5234,5031
9.759999999999836,210,6721,5080,6127,5263,5080
9.769999999999836,210,6743,5125,6114,5311,5125
9.779999999999836,210,6742,5160,6102,5364,5160
9.789999999999836,210,6705,5168,6083,5409,5168
9.799999999999836,210,6654,5150,6044,5432,5150
9.809999999999835,210,6614,5132,6006,5434,5132
9.819999999999835,210,6597,5137,6024,5423,5137
9.829999999999835,210,6599,5147,6101,5405,5147
9.839999999999835,210,6625,5150,6170,5387,5150
9.849999999999834,210,6689,5134,6204,5375,5134
9.859999999999834,210,6777,5105,6198,5371,5105
9.869999999999834,210,6873,5091,6193,5375,5091
9.879999999999834,210,6946,5088,6232,5388,5088
9.889999999999834,210,6985,5100,6275,5403,5100
9.899999999999833,210,6988,5112,6291,5413,5112
9.909999999999833,210,6948,5109,6300,5422,5109
9.919999999999833,210,6880,5111,6306,5424,5111
9.929999999999833,210,6818,5117,6300,5413,5117
9.939999999999833,210,6759,5105,6276,5391,5105
9.949999999999832,210,6710,5079,6243,5364,5079
9.959999999999832,210,6718,5070,6214,5348,5070
9.969999999999832,210,6768,5057,6198,5349,5057
9.979999999999832,210,6815,5043,6206,5361,5043
