t,i1,i2,i3,i4,i5,i6
0.0,100,0,0,0,0,7500
0.01,100,0,0,0,0,6077
0.02,100,0,0,0,0,5239
0.03,100,0,0,0,0,4768
0.04,100,0,3,0,0,4525
0.05,100,3,9,3,3,4171
0.060000000000000005,100,9,16,9,9,3782
0.07,100,17,25,17,16,3403
0.08,100,24,33,26,23,3064
0.09,100,30,38,35,31,2820
0.09999999999999999,100,36,42,43,37,2659
0.10999999999999999,100,40,44,50,43,2563
0.11999999999999998,100,42,45,55,48,2519
0.12999999999999998,100,43,45,60,52,2502
0.13999999999999999,100,43,44,63,56,2506
0.15,100,44,44,66,59,2516
0.16,100,47,46,68,62,2510
0.17,100,52,50,69,65,2486
0.18000000000000002,100,57,56,71,68,2452
0.19000000000000003,100,64,63,72,71,2420
0.20000000000000004,100,70,70,74,74,2382
0.21000000000000005,100,77,78,76,77,2334
0.22000000000000006,100,82,85,79,79,2288
0.23000000000000007,100,87,90,81,82,2249
0.24000000000000007,100,89,93,83,84,2230
0.25000000000000006,100,91,95,85,86,2225
0.26000000000000006,100,91,95,87,87,2222
0.2700000000000001,100,90,93,89,89,2204
0.2800000000000001,100,89,91,90,90,2176
0.2900000000000001,100,88,89,91,92,2143
0.3000000000000001,100,87,87,92,93,2111
0.3100000000000001,100,88,86,93,94,2089
0.3200000000000001,100,89,87,94,96,2076
0.3300000000000001,100,90,89,95,96,2080
0.34000000000000014,100,92,91,96,97,2093
0.35000000000000014,100,95,94,97,97,2105
0.36000000000000015,100,98,98,97,97,2116
0.37000000000000016,100,100,102,97,98,2129
0.38000000000000017,100,102,104,97,98,2150
0.3900000000000002,100,104,106,98,97,2174
0.4000000000000002,100,105,107,98,97,2192
0.4100000000000002,100,106,106,98,97,2209
0.4200000000000002,100,106,105,99,97,2218
0.4300000000000002,100,105,103,100,97,2209
0.4400000000000002,100,103,101,100,98,2177
0.45000000000000023,100,102,99,101,98,2123
0.46000000000000024,100,101,99,102,100,2050
0.47000000000000025,100,99,98,103,101,1966
0.48000000000000026,100,99,99,104,103,1882
0.49000000000000027,100,99,100,104,104,1813
0.5000000000000002,100,99,101,105,105,1788
0.5100000000000002,100,100,102,105,106,1821
0.5200000000000002,100,100,103,104,105,1900
0.5300000000000002,100,101,104,103,104,1994
0.5400000000000003,100,102,104,101,102,2077
0.5500000000000003,100,102,105,99,101,2138
0.5600000000000003,100,101,105,98,100,2170
0.5700000000000003,100,101,104,96,99,2172
0.5800000000000003,100,100,104,96,99,2156
0.5900000000000003,100,100,103,96,100,2116
0.6000000000000003,100,100,103,96,100,2064
0.6100000000000003,100,100,102,97,101,2017
0.6200000000000003,100,100,101,98,101,1990
0.6300000000000003,100,100,101,100,101,1986
0.6400000000000003,100,100,100,101,101,2000
0.6500000000000004,100,100,99,101,101,2034
0.6600000000000004,100,100,99,101,100,2085
0.6700000000000004,100,100,98,101,99,2139
0.6800000000000004,100,100,98,101,98,2181
0.6900000000000004,100,100,98,101,98,2203
0.7000000000000004,100,101,99,100,98,2200
0.7100000000000004,100,102,100,100,98,2177
0.7200000000000004,100,102,100,100,98,2147
0.7300000000000004,100,101,101,100,98,2110
0.7400000000000004,100,101,102,100,99,2061
0.7500000000000004,100,100,102,101,100,2012
0.7600000000000005,100,100,102,101,101,1971
0.7700000000000005,100,99,102,101,101,1949
0.7800000000000005,100,99,101,101,102,1947
0.7900000000000005,100,99,101,101,102,1958
0.8000000000000005,100,99,101,101,102,1983
0.8100000000000005,100,100,101,102,101,2010
0.8200000000000005,100,101,101,102,101,2029
0.8300000000000005,100,102,101,102,101,2040
0.8400000000000005,100,103,102,102,101,2045
0.8500000000000005,100,104,102,102,101,2047
0.8600000000000005,100,104,103,102,101,2039
0.8700000000000006,100,104,103,102,101,2021
0.8800000000000006,100,103,103,102,101,1991
0.8900000000000006,100,102,104,102,102,1954
0.9000000000000006,100,101,104,102,102,1924
0.9100000000000006,100,100,104,101,103,1908
0.9200000000000006,100,100,103,101,103,1903
0.9300000000000006,100,100,103,101,103,1915
0.9400000000000006,100,100,102,101,102,1940
0.9500000000000006,100,100,102,101,102,1972
0.9600000000000006,100,100,102,101,101,2008
0.9700000000000006,100,100,102,101,101,2033
0.9800000000000006,100,100,102,101,100,2041
0.9900000000000007,100,100,102,101,100,2028
1.0000000000000007,100,100,102,101,101,1995
1.0100000000000007,100,100,102,100,101,1957
1.0200000000000007,100,100,102,100,101,1928
1.0300000000000007,100,100,102,100,102,1919
1.0400000000000007,100,100,102,100,102,1929
1.0500000000000007,100,100,101,100,101,1950
1.0600000000000007,100,100,100,100,101,1980
1.0700000000000007,100,100,100,100,100,2009
1.0800000000000007,100,100,99,99,100,2038
1.0900000000000007,100,100,99,99,99,2076
1.1000000000000008,100,100,99,99,98,2112
1.1100000000000008,100,100,99,98,98,2134
1.1200000000000008,100,101,99,99,97,2138
1.1300000000000008,100,101,99,99,97,2138
1.1400000000000008,100,101,99,99,97,2139
1.1500000000000008,100,101,99,99,97,2144
1.1600000000000008,100,101,99,99,97,2147
1.1700000000000008,100,100,99,99,97,2146
1.1800000000000008,100,99,99,99,97,2140
1.1900000000000008,100,98,98,98,97,2125
1.2000000000000008,100,97,98,98,97,2103
1.2100000000000009,100,96,97,97,98,2079
1.2200000000000009,100,95,97,96,98,2056
1.2300000000000009,100,95,96,96,98,2038
1.2400000000000009,100,94,97,95,99,2028
1.2500000000000009,100,94,97,95,99,2030
1.260000000000001,100,94,98,95,99,2042
1.270000000000001,100,94,99,95,99,2058
1.280000000000001,100,95,99,95,99,2079
1.290000000000001,100,96,100,96,98,2105
1.300000000000001,100,97,100,96,98,2132
1.310000000000001,100,97,100,97,98,2157
1.320000000000001,100,98,99,97,97,2180
1.330000000000001,100,99,98,98,97,2194
1.340000000000001,100,99,98,99,97,2185
1.350000000000001,100,99,97,99,97,2161
1.360000000000001,100,100,97,99,97,2125
1.370000000000001,100,100,97,100,98,2087
1.380000000000001,100,100,98,100,99,2052
1.390000000000001,100,101,99,100,99,2034
1.400000000000001,100,101,99,100,99,2043
1.410000000000001,100,100,100,100,99,2073
1.420000000000001,100,100,100,100,99,2113
1.430000000000001,100,99,100,99,98,2165
1.440000000000001,100,98,100,99,97,2217
1.450000000000001,100,98,100,99,96,2252
1.460000000000001,100,98,100,100,96,2262
1.470000000000001,100,98,100,100,96,2242
1.480000000000001,100,99,100,100,97,2191
1.490000000000001,100,99,101,100,98,2119
1.500000000000001,100,99,102,100,99,2045
1.5100000000000011,100,100,102,100,100,1995
1.5200000000000011,100,100,103,100,101,1971
1.5300000000000011,100,99,103,100,101,1964
1.5400000000000011,100,99,103,100,102,1966
1.5500000000000012,100,99,103,100,102,1983
1.5600000000000012,100,99,103,101,101,2016
1.5700000000000012,100,100,102,101,101,2057
1.5800000000000012,100,101,102,101,100,2092
1.5900000000000012,100,101,101,101,100,2118
1.6000000000000012,100,102,101,101,100,2128
1.6100000000000012,100,102,100,100,99,2117
1.6200000000000012,100,102,100,100,100,2097
1.6300000000000012,100,102,99,100,100,2079
1.6400000000000012,100,102,99,99,100,2077
1.6500000000000012,100,101,98,99,100,2083
1.6600000000000013,100,99,98,99,100,2094
1.6700000000000013,100,99,98,99,99,2103
1.6800000000000013,100,98,98,99,99,2103
1.6900000000000013,100,98,99,99,99,2099
1.7000000000000013,100,98,99,99,99,2103
1.7100000000000013,100,98,99,99,99,2111
1.7200000000000013,100,98,99,99,99,2120
1.7300000000000013,100,98,99,98,99,2123
1.7400000000000013,100,98,99,97,99,2122
1.7500000000000013,100,97,98,96,99,2129
1.7600000000000013,100,97,98,96,98,2147
1.7700000000000014,100,97,97,96,98,2173
1.7800000000000014,100,97,97,96,98,2197
1.7900000000000014,100,97,97,96,97,2210
1.8000000000000014,100,97,97,96,97,2206
1.8100000000000014,100,98,98,97,97,2189
1.8200000000000014,100,98,98,97,98,2164
1.8300000000000014,100,99,99,98,98,2135
1.8400000000000014,100,99,100,98,99,2114
1.8500000000000014,100,100,100,98,99,2102
1.8600000000000014,100,100,101,98,99,2099
1.8700000000000014,100,100,101,98,99,2094
1.8800000000000014,100,100,101,98,100,2086
1.8900000000000015,100,100,101,99,100,2080
1.9000000000000015,100,100,101,100,100,2079
1.9100000000000015,100,100,101,101,100,2084
1.9200000000000015,100,100,101,101,100,2092
1.9300000000000015,100,100,101,102,100,2098
1.9400000000000015,100,100,101,102,100,2103
1.9500000000000015,100,100,101,102,100,2099
1.9600000000000015,100,100,101,101,100,2085
1.9700000000000015,100,100,101,100,100,2063
1.9800000000000015,100,100,101,100,101,2041
1.9900000000000015,150,100,100,100,101,2028
2.0000000000000013,150,99,100,100,101,5773
2.010000000000001,150,99,100,100,101,5065
2.020000000000001,150,99,100,100,101,4657
2.0300000000000007,150,99,100,102,102,4389
2.0400000000000005,150,100,101,103,103,4190
2.0500000000000003,150,102,102,106,104,4028
2.06,150,105,104,108,107,3895
2.07,150,108,107,111,109,3801
2.0799999999999996,150,111,110,115,111,3743
2.0899999999999994,150,113,112,117,113,3728
2.099999999999999,150,115,114,119,114,3733
2.109999999999999,150,115,116,121,116,3739
2.1199999999999988,150,116,117,121,117,3737
2.1299999999999986,150,116,117,122,119,3700
2.1399999999999983,150,117,118,123,121,3648
2.149999999999998,150,119,120,125,123,3594
2.159999999999998,150,121,121,126,125,3550
2.1699999999999977,150,123,124,128,128,3515
2.1799999999999975,150,125,127,130,130,3459
2.1899999999999973,150,128,131,132,132,3399
2.199999999999997,150,131,135,134,135,3330
2.209999999999997,150,133,138,136,137,3261
2.2199999999999966,150,136,141,138,140,3191
2.2299999999999964,150,139,143,139,142,3145
2.239999999999996,150,141,144,140,143,3124
2.249999999999996,150,143,144,142,145,3122
2.259999999999996,150,145,144,143,146,3129
2.2699999999999956,150,146,144,145,146,3144
2.2799999999999954,150,146,144,146,147,3168
2.289999999999995,150,146,144,147,147,3186
2.299999999999995,150,146,144,148,147,3196
2.3099999999999947,150,146,144,149,148,3186
2.3199999999999945,150,147,145,149,148,3173
2.3299999999999943,150,147,147,149,149,3155
2.339999999999994,150,148,149,149,149,3141
2.349999999999994,150,149,150,150,150,3109
2.3599999999999937,150,151,152,151,151,3080
2.3699999999999934,150,152,153,152,152,3049
2.3799999999999932,150,154,154,154,152,3038
2.389999999999993,150,155,154,155,152,3043
2.399999999999993,150,155,153,156,152,3058
2.4099999999999926,150,155,152,157,152,3072
2.4199999999999924,150,155,151,157,152,3081
2.429999999999992,150,154,150,157,152,3083
2.439999999999992,150,153,150,156,152,3081
2.4499999999999917,150,153,150,155,152,3077
2.4599999999999915,150,152,150,155,152,3064
2.4699999999999913,150,151,150,154,152,3052
2.479999999999991,150,150,151,153,153,3030
2.489999999999991,150,150,152,151,153,3011
2.4999999999999907,150,149,153,150,153,2981
2.5099999999999905,150,149,154,150,154,2947
2.5199999999999902,150,149,156,149,154,2913
2.52999999999999,150,149,157,149,155,2881
2.53999999999999,150,150,157,149,156,2859
2.5499999999999896,150,151,158,150,156,2836
2.5599999999999894,150,152,158,151,156,2838
2.569999999999989,150,153,159,152,156,2849
2.579999999999989,150,154,159,153,156,2857
2.5899999999999888,150,155,158,155,156,2862
2.5999999999999885,150,156,158,155,156,2875
2.6099999999999883,150,156,157,156,155,2888
2.619999999999988,150,156,157,156,155,2905
2.629999999999988,150,155,155,155,154,2914
2.6399999999999877,150,155,154,154,154,2909
2.6499999999999875,150,155,154,153,154,2881
2.6599999999999873,150,155,153,153,155,2838
2.669999999999987,150,155,153,153,155,2783
2.679999999999987,150,156,153,153,156,2721
2.6899999999999866,150,157,154,154,157,2669
2.6999999999999864,150,157,155,154,158,2643
2.709999999999986,150,157,156,155,158,2631
2.719999999999986,150,157,157,155,158,2631
2.7299999999999858,150,156,158,155,158,2646
2.7399999999999856,150,156,158,155,158,2679
2.7499999999999853,150,155,158,155,157,2717
2.759999999999985,150,155,157,154,156,2762
2.769999999999985,150,155,156,154,155,2800
2.7799999999999847,150,154,155,153,154,2831
2.7899999999999845,150,154,155,153,153,2842
2.7999999999999843,150,154,154,153,153,2851
2.809999999999984,150,154,154,153,153,2844
2.819999999999984,150,154,154,154,152,2826
2.8299999999999836,150,155,154,154,153,2784
2.8399999999999834,150,155,154,155,153,2720
2.849999999999983,150,156,155,156,154,2654
2.859999999999983,150,157,156,157,155,2581
2.869999999999983,150,158,157,158,157,2509
2.8799999999999826,150,158,158,158,158,2446
2.8899999999999824,150,159,160,159,159,2404
2.899999999999982,150,159,161,159,160,2386
2.909999999999982,150,158,161,158,160,2396
2.9199999999999817,150,157,161,156,159,2428
2.9299999999999815,150,156,161,153,159,2457
2.9399999999999813,150,155,161,150,159,2479
2.949999999999981,150,154,160,147,158,2493
2.959999999999981,150,154,159,145,158,2509
2.9699999999999807,150,153,159,144,157,2531
2.9799999999999804,150,153,158,145,156,2572
2.9899999999999802,150,152,156,146,155,2635
2.99999999999998,150,151,155,148,153,2724
3.00999999999998,150,150,152,150,151,2816
3.0199999999999796,150,148,150,152,149,2897
3.0299999999999794,150,146,148,153,147,2939
3.039999999999979,150,145,146,154,147,2949
3.049999999999979,150,144,144,153,146,2932
3.0599999999999787,150,143,143,152,146,2904
3.0699999999999785,150,143,143,150,146,2885
3.0799999999999783,150,144,144,149,146,2869
3.089999999999978,150,145,144,147,146,2866
3.099999999999978,150,146,146,147,146,2869
3.1099999999999777,150,148,147,147,146,2884
3.1199999999999775,150,148,149,147,146,2883
3.1299999999999772,150,149,151,148,146,2871
3.139999999999977,150,150,153,149,146,2828
3.149999999999977,150,150,155,151,147,2761
3.1599999999999766,150,150,157,152,149,2679
3.1699999999999764,150,150,158,153,151,2589
3.179999999999976,150,151,158,153,152,2518
3.189999999999976,150,151,158,154,154,2461
3.1999999999999758,150,152,157,154,155,2427
3.2099999999999755,150,153,156,154,156,2407
3.2199999999999753,150,154,155,154,156,2413
3.229999999999975,150,155,154,154,156,2436
3.239999999999975,150,155,153,155,156,2483
3.2499999999999747,150,155,152,155,155,2549
3.2599999999999745,150,155,151,155,154,2628
3.2699999999999743,150,154,151,155,152,2700
3.279999999999974,150,153,151,155,151,2754
3.289999999999974,150,152,151,154,150,2787
3.2999999999999736,150,151,152,154,149,2796
3.3099999999999734,150,150,152,153,149,2781
3.319999999999973,150,149,152,152,149,2758
3.329999999999973,150,147,153,151,149,2727
3.3399999999999728,150,145,153,149,149,2715
3.3499999999999726,150,142,153,146,149,2706
3.3599999999999723,150,141,153,144,149,2710
3.369999999999972,150,140,153,141,149,2711
3.379999999999972,150,139,152,140,149,2726
3.3899999999999717,150,140,151,139,148,2755
3.3999999999999715,150,142,149,140,148,2789
3.4099999999999713,150,144,148,141,147,2814
3.419999999999971,150,147,147,143,147,2826
3.429999999999971,150,150,147,146,147,2823
3.4399999999999706,150,153,147,148,147,2795
3.4499999999999704,150,155,147,151,148,2754
3.45999999999997,150,156,147,152,149,2694
3.46999999999997,150,156,148,154,150,2626
3.47999999999997,150,155,149,155,151,2574
3.4899999999999696,150,155,150,155,152,2551
3.4999999999999694,150,154,151,156,152,2573
3.509999999999969,150,153,152,156,151,2614
3.519999999999969,150,153,152,155,151,2662
3.5299999999999687,150,153,152,155,150,2711
3.5399999999999685,150,153,152,154,149,2754
3.5499999999999683,150,153,152,154,149,2784
3.559999999999968,150,153,152,154,148,2795
3.569999999999968,150,154,152,153,148,2794
3.5799999999999677,150,153,152,152,148,2791
3.5899999999999674,150,153,151,151,148,2790
3.5999999999999672,150,152,151,151,148,2780
3.609999999999967,150,151,152,151,148,2759
3.619999999999967,150,151,152,151,149,2721
3.6299999999999666,150,150,152,151,149,2676
3.6399999999999664,150,150,153,151,150,2624
3.649999999999966,150,150,154,151,151,2575
3.659999999999966,150,150,154,151,152,2531
3.6699999999999657,150,150,155,151,153,2493
3.6799999999999655,150,151,155,151,154,2470
3.6899999999999653,150,151,155,151,154,2475
3.699999999999965,150,152,155,152,154,2500
3.709999999999965,150,152,155,152,154,2534
3.7199999999999647,150,152,155,152,153,2571
3.7299999999999645,150,152,154,151,153,2590
3.7399999999999642,150,152,154,151,152,2600
3.749999999999964,150,152,153,151,152,2596
3.759999999999964,150,152,153,151,152,2589
3.7699999999999636,150,151,152,150,152,2572
3.7799999999999634,150,151,152,150,153,2547
3.789999999999963,150,151,152,150,153,2522
3.799999999999963,150,151,152,151,153,2491
3.8099999999999627,150,151,152,151,154,2467
3.8199999999999625,150,152,152,151,154,2450
3.8299999999999623,150,152,152,151,154,2455
3.839999999999962,150,153,153,152,154,2477
3.849999999999962,150,153,153,152,153,2518
3.8599999999999617,150,152,153,152,152,2558
3.8699999999999615,150,152,152,152,152,2594
3.8799999999999613,150,151,152,152,151,2617
3.889999999999961,150,151,152,151,151,2626
3.899999999999961,150,151,152,151,150,2620
3.9099999999999606,150,150,152,151,150,2613
3.9199999999999604,150,149,152,150,150,2603
3.92999999999996,150,149,152,150,150,2584
3.93999999999996,150,148,152,149,150,2562
3.9499999999999598,150,148,152,149,151,2550
3.9599999999999596,150,147,151,149,151,2550
3.9699999999999593,150,147,151,149,151,2550
3.979999999999959,150,147,151,149,151,2550
3.989999999999959,200,148,151,149,150,2566
3.9999999999999587,200,148,151,149,150,6367
4.009999999999959,200,148,150,150,149,5721
4.019999999999959,200,149,150,151,148,5308
4.0299999999999585,200,150,150,152,149,5019
4.039999999999958,200,152,150,154,150,4776
4.049999999999958,200,154,152,157,152,4579
4.059999999999958,200,156,154,159,155,4436
4.069999999999958,200,158,157,161,157,4330
4.079999999999957,200,160,159,163,160,4267
4.089999999999957,200,161,162,164,162,4246
4.099999999999957,200,162,164,166,163,4240
4.109999999999957,200,162,165,167,165,4243
4.119999999999957,200,163,166,168,167,4235
4.129999999999956,200,164,168,169,168,4223
4.139999999999956,200,166,169,170,170,4202
4.149999999999956,200,168,170,171,172,4183
4.159999999999956,200,170,172,172,173,4175
4.1699999999999555,200,172,173,174,175,4184
4.179999999999955,200,174,175,175,176,4212
4.189999999999955,200,176,176,176,176,4240
4.199999999999955,200,177,177,178,177,4260
4.209999999999955,200,178,178,178,178,4267
4.2199999999999545,200,179,180,179,179,4278
4.229999999999954,200,179,180,180,179,4301
4.239999999999954,200,180,181,180,180,4324
4.249999999999954,200,180,181,181,181,4334
4.259999999999954,200,181,181,182,181,4328
4.269999999999953,200,182,182,183,182,4311
4.279999999999953,200,183,182,184,183,4303
4.289999999999953,200,184,183,184,184,4309
4.299999999999953,200,185,184,184,184,4328
4.3099999999999525,200,186,184,184,184,4361
4.319999999999952,200,186,185,185,184,4401
4.329999999999952,200,187,186,185,184,4447
4.339999999999952,200,187,186,186,184,4508
4.349999999999952,200,187,186,186,183,4564
4.3599999999999515,200,187,186,186,183,4589
4.369999999999951,200,187,187,187,183,4581
4.379999999999951,200,187,188,187,184,4539
4.389999999999951,200,188,189,188,185,4484
4.399999999999951,200,188,190,189,187,4428
4.40999999999995,200,189,191,190,188,4375
4.41999999999995,200,190,192,190,190,4330
4.42999999999995,200,191,193,191,191,4293
4.43999999999995,200,192,193,191,192,4271
4.4499999999999496,200,192,194,190,193,4274
4.459999999999949,200,192,194,190,193,4291
4.469999999999949,200,191,194,190,194,4302
4.479999999999949,200,191,194,190,194,4300
4.489999999999949,200,191,194,190,195,4288
4.4999999999999485,200,191,195,191,195,4281
4.509999999999948,200,191,195,192,196,4279
4.519999999999948,200,191,195,192,196,4298
4.529999999999948,200,191,196,193,196,4328
4.539999999999948,200,192,195,194,196,4361
4.549999999999947,200,192,195,194,195,4389
4.559999999999947,200,193,195,195,195,4418
4.569999999999947,200,194,195,195,195,4437
4.579999999999947,200,195,196,195,194,4449
4.589999999999947,200,195,196,196,194,4464
4.599999999999946,200,195,197,196,194,4473
4.609999999999946,200,195,197,196,194,4469
4.619999999999946,200,195,198,196,194,4448
4.629999999999946,200,196,199,196,195,4410
4.6399999999999455,200,196,199,197,196,4363
4.649999999999945,200,197,200,197,197,4314
4.659999999999945,200,198,200,198,198,4289
4.669999999999945,200,198,200,198,198,4284
4.679999999999945,200,199,200,198,199,4285
4.689999999999944,200,199,199,198,199,4303
4.699999999999944,200,199,198,198,198,4325
4.709999999999944,200,198,198,198,198,4339
4.719999999999944,200,198,198,198,198,4341
4.729999999999944,200,197,198,198,199,4333
4.739999999999943,200,197,198,199,199,4314
4.749999999999943,200,197,199,199,200,4283
4.759999999999943,200,197,200,200,200,4252
4.769999999999943,200,197,200,200,200,4240
4.7799999999999425,200,198,201,200,201,4232
4.789999999999942,200,199,202,201,201,4223
4.799999999999942,200,200,202,201,201,4222
4.809999999999942,200,201,203,201,201,4234
4.819999999999942,200,202,203,201,201,4253
4.8299999999999415,200,203,204,201,201,4284
4.839999999999941,200,203,203,201,200,4333
4.849999999999941,200,203,203,201,199,4378
4.859999999999941,200,202,202,201,198,4404
4.869999999999941,200,202,202,201,198,4409
4.87999999999994,200,201,202,201,198,4414
4.88999999999994,200,201,201,201,197,4426
4.89999999999994,200,200,200,201,197,4431
4.90999999999994,200,200,199,200,197,4432
4.9199999999999395,200,200,198,200,197,4438
4.929999999999939,200,199,197,199,197,4442
4.939999999999939,200,199,197,199,197,4445
4.949999999999939,200,198,197,199,197,4444
4.959999999999939,200,198,197,199,197,4435
4.9699999999999385,200,197,198,199,197,4423
4.979999999999938,200,196,199,199,197,4406
4.989999999999938,200,196,199,200,198,4381
4.999999999999938,200,196,200,200,198,4348
5.009999999999938,200,197,201,200,199,4302
5.019999999999937,200,197,202,200,200,4264
5.029999999999937,200,198,203,201,201,4238
5.039999999999937,200,199,203,200,201,4228
5.049999999999937,200,199,203,200,201,4237
5.0599999999999365,200,200,202,200,201,4263
5.069999999999936,200,200,202,199,201,4296
5.079999999999936,200,199,201,199,200,4324
5.089999999999936,200,199,201,199,200,4354
5.099999999999936,200,198,200,198,199,4377
5.1099999999999355,200,197,200,198,199,4383
5.119999999999935,200,197,200,198,199,4378
5.129999999999935,200,196,199,198,199,4369
5.139999999999935,200,197,199,199,199,4359
5.149999999999935,200,197,199,199,199,4346
5.159999999999934,200,198,200,200,200,4325
5.169999999999934,200,199,200,200,200,4321
5.179999999999934,200,200,200,201,200,4341
5.189999999999934,200,201,200,201,199,4371
5.199999999999934,200,201,200,201,199,4402
5.209999999999933,200,201,199,200,198,4424
5.219999999999933,200,200,199,200,198,4431
5.229999999999933,200,200,199,200,198,4415
5.239999999999933,200,200,199,200,198,4395
5.2499999999999325,200,199,200,200,198,4380
5.259999999999932,200,199,200,200,199,4370
5.269999999999932,200,199,201,200,199,4363
5.279999999999932,200,200,201,200,199,4358
5.289999999999932,200,200,201,199,199,4357
5.299999999999931,200,200,202,199,199,4354
5.309999999999931,200,200,202,199,199,4341
5.319999999999931,200,200,203,198,200,4329
5.329999999999931,200,199,203,198,200,4320
5.339999999999931,200,199,204,198,200,4305
5.34999999999993,200,199,204,198,201,4280
5.35999999999993,200,199,204,198,201,4251
5.36999999999993,200,199,204,198,202,4230
5.37999999999993,200,199,204,199,202,4214
5.3899999999999295,200,200,204,200,202,4208
5.399999999999929,200,200,203,200,203,4208
5.409999999999929,200,201,202,201,202,4218
5.419999999999929,200,201,202,201,202,4232
5.429999999999929,200,201,202,201,202,4244
5.4399999999999284,200,201,201,201,202,4258
5.449999999999928,200,201,201,201,202,4264
5.459999999999928,200,200,201,201,202,4252
5.469999999999928,200,200,202,202,202,4232
5.479999999999928,200,200,202,202,202,4210
5.489999999999927,200,200,202,202,202,4204
5.499999999999927,200,200,203,202,202,4201
5.509999999999927,200,200,203,202,202,4212
5.519999999999927,200,200,204,202,202,4231
5.5299999999999265,200,200,204,202,202,4244
5.539999999999926,200,200,204,202,201,4255
5.549999999999926,200,200,205,202,201,4274
5.559999999999926,200,200,205,202,200,4300
5.569999999999926,200,199,204,201,200,4317
5.5799999999999255,200,199,204,200,200,4321
5.589999999999925,200,198,203,200,200,4312
5.599999999999925,200,199,203,200,200,4289
5.609999999999925,200,199,202,200,200,4259
5.619999999999925,200,199,202,200,200,4236
5.629999999999924,200,199,201,201,201,4226
5.639999999999924,200,200,201,201,201,4232
5.649999999999924,200,200,200,200,200,4245
5.659999999999924,200,199,199,199,200,4271
5.6699999999999235,200,199,199,198,199,4313
5.679999999999923,200,198,198,197,199,4357
5.689999999999923,200,198,198,196,198,4402
5.699999999999923,200,198,197,196,197,4441
5.709999999999923,200,197,197,196,196,4468
5.7199999999999225,200,197,197,196,196,4482
5.729999999999922,200,197,198,196,195,4500
5.739999999999922,200,196,198,197,195,4518
5.749999999999922,200,196,198,197,194,4531
5.759999999999922,200,196,197,197,194,4532
5.769999999999921,200,196,197,197,194,4522
5.779999999999921,200,196,197,197,195,4498
5.789999999999921,200,196,197,197,195,4475
5.799999999999921,200,196,197,197,195,4464
5.809999999999921,200,195,198,197,195,4458
5.81999999999992,200,195,198,197,196,4458
5.82999999999992,200,194,197,196,196,4476
5.83999999999992,200,193,197,195,196,4492
5.84999999999992,200,192,197,194,195,4500
5.8599999999999195,200,192,197,194,196,4497
5.869999999999919,200,192,197,193,196,4492
5.879999999999919,200,192,197,193,196,4500
5.889999999999919,200,192,197,193,196,4508
5.899999999999919,200,193,198,193,196,4516
5.909999999999918,200,193,198,193,196,4524
5.919999999999918,200,194,199,193,196,4535
5.929999999999918,200,194,199,194,196,4547
5.939999999999918,200,195,200,194,196,4552
5.949999999999918,200,196,200,195,196,4554
5.959999999999917,200,196,200,196,196,4555
5.969999999999917,200,196,200,196,196,4565
5.979999999999917,200,196,199,196,195,4576
5.989999999999917,250,196,198,197,195,4581
5.9999999999999165,250,196,197,197,195,8336
6.009999999999916,250,197,196,197,195,7636
6.019999999999916,250,197,195,198,196,7206
6.029999999999916,250,198,195,199,196,6926
6.039999999999916,250,199,196,200,197,6731
6.0499999999999154,250,200,197,202,199,6610
6.059999999999915,250,201,199,203,200,6563
6.069999999999915,250,201,200,203,201,6574
6.079999999999915,250,201,201,203,201,6608
6.089999999999915,250,200,202,204,202,6638
6.099999999999914,250,201,204,204,203,6651
6.109999999999914,250,201,205,205,204,6663
6.119999999999914,250,203,205,206,205,6687
6.129999999999914,250,204,206,207,205,6728
6.1399999999999135,250,205,206,208,206,6772
6.149999999999913,250,206,207,209,207,6814
6.159999999999913,250,207,208,210,208,6832
6.169999999999913,250,208,209,210,209,6831
6.179999999999913,250,209,211,211,211,6803
6.1899999999999125,250,210,212,212,212,6781
6.199999999999912,250,211,214,213,214,6781
6.209999999999912,250,212,215,214,215,6803
6.219999999999912,250,213,215,215,216,6846
6.229999999999912,250,213,216,216,216,6898
6.239999999999911,250,214,216,217,217,6945
6.249999999999911,250,215,216,218,217,6987
6.259999999999911,250,216,216,218,218,7033
6.269999999999911,250,217,217,219,218,7081
6.2799999999999105,250,217,217,219,218,7114
6.28999999999991,250,218,218,220,219,7133
6.29999999999991,250,218,219,220,219,7153
6.30999999999991,250,219,220,221,220,7178
6.31999999999991,250,220,221,222,220,7205
6.3299999999999095,250,220,222,223,221,7230
6.339999999999909,250,221,222,224,221,7252
6.349999999999909,250,222,223,225,222,7280
6.359999999999909,250,223,223,225,222,7317
6.369999999999909,250,223,224,225,222,7347
6.379999999999908,250,223,224,225,223,7369
6.389999999999908,250,224,224,226,223,7378
6.399999999999908,250,224,225,226,224,7381
6.409999999999908,250,224,226,227,224,7397
6.419999999999908,250,224,226,227,225,7428
6.429999999999907,250,225,226,227,225,7478
6.439999999999907,250,225,226,227,225,7537
6.449999999999907,250,226,226,227,225,7593
6.459999999999907,250,226,226,227,224,7642
6.4699999999999065,250,227,226,226,224,7670
6.479999999999906,250,228,226,226,224,7704
6.489999999999906,250,228,226,227,225,7725
6.499999999999906,250,229,227,227,225,7732
6.509999999999906,250,229,227,228,226,7728
6.519999999999905,250,230,228,229,226,7720
6.529999999999905,250,230,229,229,227,7719
6.539999999999905,250,230,229,230,228,7732
6.549999999999905,250,229,229,229,228,7773
6.559999999999905,250,229,228,229,228,7822
6.569999999999904,250,228,228,229,228,7868
6.579999999999904,250,228,228,229,227,7918
6.589999999999904,250,227,227,229,227,7989
6.599999999999904,250,227,227,228,226,8058
6.6099999999999035,250,227,227,228,226,8124
6.619999999999903,250,227,227,228,225,8172
6.629999999999903,250,227,227,228,225,8196
6.639999999999903,250,227,228,228,225,8202
6.649999999999903,250,227,228,229,226,8192
6.659999999999902,250,228,229,229,226,8180
6.669999999999902,250,228,229,229,227,8163
6.679999999999902,250,229,230,229,228,8154
6.689999999999902,250,229,230,230,229,8152
6.699999999999902,250,230,231,230,230,8152
6.709999999999901,250,231,231,231,230,8156
6.719999999999901,250,231,231,231,231,8174
6.729999999999901,250,232,232,232,231,8197
6.739999999999901,250,232,232,232,232,8217
6.7499999999999005,250,232,232,232,232,8245
6.7599999999999,250,232,232,232,232,8294
6.7699999999999,250,232,231,232,231,8360
6.7799999999999,250,232,230,233,231,8433
6.7899999999999,250,232,230,233,230,8496
6.7999999999998995,250,232,229,233,229,8557
6.809999999999899,250,231,229,232,228,8619
6.819999999999899,250,231,230,232,228,8672
6.829999999999899,250,231,230,232,227,8721
6.839999999999899,250,231,230,232,227,8761
6.849999999999898,250,230,230,232,227,8774
6.859999999999898,250,230,231,232,227,8774
6.869999999999898,250,231,231,232,227,8769
6.879999999999898,250,231,232,233,228,8757
6.8899999999998975,250,232,232,234,229,8740
6.899999999999897,250,233,233,234,229,8732
6.909999999999897,250,234,233,235,230,8736
6.919999999999897,250,234,234,235,231,8740
6.929999999999897,250,234,234,235,231,8748
6.9399999999998965,250,233,234,235,232,8777
6.949999999999896,250,233,234,235,231,8823
6.959999999999896,250,232,234,234,231,8871
6.969999999999896,250,232,234,234,231,8909
6.979999999999896,250,231,234,235,231,8930
6.989999999999895,250,231,234,235,232,8943
6.999999999999895,250,231,234,234,232,8952
7.009999999999895,250,231,234,234,232,8956
7.019999999999895,250,231,234,233,232,8964
7.0299999999998946,250,231,235,232,233,8987
7.039999999999894,250,231,235,232,233,8999
7.049999999999894,250,231,236,232,233,8995
7.059999999999894,250,232,237,233,234,8976
7.069999999999894,250,233,238,234,235,8947
7.0799999999998935,250,234,239,235,236,8927
7.089999999999893,250,235,239,236,236,8941
7.099999999999893,250,235,239,236,236,8994
7.109999999999893,250,236,239,236,236,9062
7.119999999999893,250,236,239,237,236,9109
7.129999999999892,250,235,239,237,235,9153
7.139999999999892,250,235,238,237,235,9210
7.149999999999892,250,235,238,237,234,9265
7.159999999999892,250,235,238,237,233,9300
7.169999999999892,250,234,237,237,233,9309
7.179999999999891,250,234,237,237,234,9292
7.189999999999891,250,234,237,237,234,9260
7.199999999999891,250,235,237,237,235,9221
7.209999999999891,250,235,238,237,236,9188
7.2199999999998905,250,236,238,237,237,9178
7.22999999999989,250,237,239,237,237,9191
7.23999999999989,250,237,239,237,238,9209
7.24999999999989,250,238,239,238,238,9230
7.25999999999989,250,239,240,238,238,9246
7.269999999999889,250,239,240,238,238,9279
7.279999999999889,250,239,239,239,238,9314
7.289999999999889,250,239,239,239,238,9359
7.299999999999889,250,240,238,239,237,9427
7.309999999999889,250,239,237,238,236,9511
7.319999999999888,250,239,236,238,235,9582
7.329999999999888,250,238,235,238,234,9629
7.339999999999888,250,237,234,238,234,9647
7.349999999999888,250,237,234,238,234,9648
7.3599999999998875,250,236,234,237,234,9652
7.369999999999887,250,235,234,237,234,9663
7.379999999999887,250,235,234,237,234,9672
7.389999999999887,250,234,234,237,234,9667
7.399999999999887,250,234,235,237,235,9646
7.4099999999998865,250,235,236,237,235,9633
7.419999999999886,250,235,237,238,236,9643
7.429999999999886,250,236,238,238,236,9670
7.439999999999886,250,236,238,238,236,9698
7.449999999999886,250,236,239,238,236,9717
7.459999999999885,250,236,240,238,236,9722
7.469999999999885,250,236,240,238,236,9732
7.479999999999885,250,237,240,238,236,9753
7.489999999999885,250,237,240,238,236,9784
7.4999999999998845,250,238,240,239,236,9814
7.509999999999884,250,239,239,239,236,9845
7.519999999999884,250,239,239,239,236,9881
7.529999999999884,250,239,238,238,235,9919
7.539999999999884,250,239,238,238,235,9947
7.5499999999998835,250,239,238,238,235,9948
7.559999999999883,250,239,239,238,236,9937
7.569999999999883,250,239,239,238,236,9934
7.579999999999883,250,238,239,239,236,9941
7.589999999999883,250,238,239,239,236,9953
7.599999999999882,250,238,239,240,237,9966
7.609999999999882,250,238,239,240,237,9969
7.619999999999882,250,238,239,240,237,9971
7.629999999999882,250,238,239,240,238,9968
7.6399999999998816,250,238,240,240,238,9973
7.649999999999881,250,238,240,240,238,9997
7.659999999999881,250,237,240,240,238,10000
7.669999999999881,250,237,240,240,238,10000
7.679999999999881,250,237,240,240,238,10000
7.6899999999998805,250,237,240,240,238,10000
7.69999999999988,250,237,240,240,239,10000
7.70999999999988,250,238,241,240,239,10000
7.71999999999988,250,239,241,241,239,10000
7.72999999999988,250,240,241,241,239,10000
7.739999999999879,250,241,242,241,240,10000
7.749999999999879,250,242,242,241,240,10000
7.759999999999879,250,242,243,241,241,10000
7.769999999999879,250,243,243,242,241,10000
7.779999999999879,250,243,243,242,242,10000
7.789999999999878,250,243,243,242,242,10000
7.799999999999878,250,243,243,242,242,10000
7.809999999999878,250,243,242,242,243,10000
7.819999999999878,250,244,242,242,243,10000
7.8299999999998775,250,243,242,242,243,10000
7.839999999999877,250,243,242,242,243,10000
7.849999999999877,250,242,242,242,242,10000
7.859999999999877,250,242,242,242,242,10000
7.869999999999877,250,241,242,241,242,10000
7.879999999999876,250,241,243,241,242,10000
7.889999999999876,250,241,243,242,242,10000
7.899999999999876,250,241,244,242,242,10000
7.909999999999876,250,241,244,242,242,10000
7.919999999999876,250,241,245,242,243,10000
7.929999999999875,250,242,245,243,243,10000
7.939999999999875,250,242,246,243,243,10000
7.949999999999875,250,243,246,243,243,10000
7.959999999999875,250,243,246,243,243,10000
7.9699999999998745,250,243,246,243,244,10000
7.979999999999874,250,243,246,243,244,10000
