t,i1,i2,i3,i4,i5,i6
0.0,100,194,198,192,96,200
0.01,100,179,183,169,87,194
0.02,100,160,164,146,77,185
0.03,100,140,143,122,66,173
0.04,100,117,122,101,56,158
0.05,100,93,100,81,48,142
0.060000000000000005,100,70,77,63,43,123
0.07,100,49,55,48,39,105
0.08,100,29,35,35,37,86
0.09,100,16,20,25,37,69
0.09999999999999999,100,8,10,18,37,54
0.10999999999999999,100,5,5,15,37,43
0.11999999999999998,100,6,5,14,38,34
0.12999999999999998,100,11,9,14,39,29
0.13999999999999999,100,17,15,17,41,27
0.15,100,25,23,20,40,27
0.16,100,33,32,24,38,29
0.17,100,40,39,28,38,32
0.18000000000000002,100,45,46,32,39,35
0.19000000000000003,100,49,51,38,42,39
0.20000000000000004,100,52,54,43,47,42
0.21000000000000005,100,53,56,50,52,45
0.22000000000000006,100,55,58,56,58,47
0.23000000000000007,100,56,59,63,64,49
0.24000000000000007,100,59,61,69,70,52
0.25000000000000006,100,63,63,75,75,55
0.26000000000000006,100,67,66,80,79,58
0.2700000000000001,100,72,70,84,82,62
0.2800000000000001,100,78,75,87,85,66
0.2900000000000001,100,83,79,89,86,70
0.3000000000000001,100,88,84,90,86,75
0.3100000000000001,100,92,89,91,86,79
0.3200000000000001,100,96,92,91,85,83
0.3300000000000001,100,99,95,90,83,87
0.34000000000000014,100,101,97,89,81,90
0.35000000000000014,100,101,97,87,79,93
0.36000000000000015,100,100,97,86,78,94
0.37000000000000016,100,98,95,84,78,95
0.38000000000000017,100,96,93,83,77,95
0.3900000000000002,100,93,91,81,77,94
0.4000000000000002,100,89,87,81,78,93
0.4100000000000002,100,85,84,80,79,91
0.4200000000000002,100,81,81,80,80,88
0.4300000000000002,100,77,77,80,81,85
0.4400000000000002,100,74,74,80,82,83
0.45000000000000023,100,71,71,80,83,80
0.46000000000000024,100,69,69,80,83,77
0.47000000000000025,100,67,67,79,82,75
0.48000000000000026,100,66,66,77,81,73
0.49000000000000027,100,66,66,76,79,71
0.5000000000000002,100,67,67,74,77,70
0.5100000000000002,100,68,67,72,73,70
0.5200000000000002,100,69,68,70,70,70
0.5300000000000002,100,71,68,67,67,70
0.5400000000000003,100,71,69,65,64,70
0.5500000000000003,100,71,68,62,61,71
0.5600000000000003,100,71,68,61,60,71
0.5700000000000003,100,70,67,61,60,70
0.5800000000000003,100,69,66,61,60,70
0.5900000000000003,100,67,64,62,61,69
0.6000000000000003,100,66,63,64,63,68
0.6100000000000003,100,65,62,66,65,67
0.6200000000000003,100,64,61,68,66,67
0.6300000000000003,140,64,61,70,68,66
0.6400000000000003,140,64,61,71,68,66
0.6500000000000004,140,66,62,72,69,66
0.6600000000000004,140,69,63,73,70,67
0.6700000000000004,140,73,66,75,72,68
0.6800000000000004,140,77,69,77,73,71
0.6900000000000004,140,81,73,79,75,73
0.7000000000000004,140,85,76,81,78,76
0.7100000000000004,140,88,80,84,80,79
0.7200000000000004,140,90,83,86,83,82
0.7300000000000004,140,91,87,89,86,84
0.7400000000000004,140,93,90,92,89,86
0.7500000000000004,140,94,93,95,91,88
0.7600000000000005,140,95,97,98,95,90
0.7700000000000005,140,97,101,100,98,92
0.7800000000000005,140,99,105,103,102,94
0.7900000000000005,140,102,110,105,105,96
0.8000000000000005,140,105,114,107,109,98
0.8100000000000005,140,109,119,109,112,101
0.8200000000000005,140,112,123,111,116,104
0.8300000000000005,140,116,126,113,119,107
0.8400000000000005,140,118,128,114,121,110
0.8500000000000005,140,121,129,115,123,112
0.8600000000000005,140,122,130,115,125,115
0.8700000000000006,140,123,129,115,126,117
0.8800000000000006,140,124,128,115,126,118
0.8900000000000006,140,124,126,114,127,120
0.9000000000000006,140,123,124,113,126,120
0.9100000000000006,140,122,122,112,126,121
0.9200000000000006,140,121,121,112,126,121
0.9300000000000006,140,119,119,111,125,120
0.9400000000000006,140,117,118,111,124,119
0.9500000000000006,140,116,117,111,123,118
0.9600000000000006,140,114,117,111,122,117
0.9700000000000006,140,112,117,111,120,116
0.9800000000000006,140,111,116,111,118,115
0.9900000000000007,140,110,116,111,117,114
1.0000000000000007,140,109,116,111,115,112
1.0100000000000007,140,108,116,111,113,111
1.0200000000000007,140,108,115,111,111,111
1.0300000000000007,140,108,114,111,109,110
1.0400000000000007,140,108,113,111,108,110
1.0500000000000007,140,109,112,111,106,109
1.0600000000000007,140,109,110,111,105,109
1.0700000000000007,140,109,109,111,105,109
1.0800000000000007,140,109,107,111,104,109
1.0900000000000007,140,108,106,111,104,109
1.1000000000000008,140,107,105,111,104,108
1.1100000000000008,140,107,105,111,104,108
1.1200000000000008,140,106,104,111,104,107
1.1300000000000008,140,105,105,111,105,107
1.1400000000000008,140,105,105,110,105,106
1.1500000000000008,140,105,105,110,105,106
1.1600000000000008,140,105,106,109,106,106
1.1700000000000008,140,104,106,108,106,105
1.1800000000000008,140,105,107,107,107,105
1.1900000000000008,140,105,107,107,108,105
1.2000000000000008,140,105,107,106,108,105
1.2100000000000009,140,106,108,106,109,105
1.2200000000000009,140,106,108,105,110,106
1.2300000000000009,140,107,109,105,110,106
1.2400000000000009,140,108,109,105,110,106
1.2500000000000009,140,109,110,106,110,107
1.260000000000001,140,110,110,106,110,108
1.270000000000001,140,111,110,107,110,109
1.280000000000001,140,112,111,108,110,109
1.290000000000001,140,113,111,109,111,110
1.300000000000001,140,113,111,110,111,111
1.310000000000001,140,113,111,110,111,111
1.320000000000001,140,112,112,111,111,111
1.330000000000001,140,112,112,111,112,111
1.340000000000001,140,111,112,111,112,111
1.350000000000001,140,111,113,112,112,111
1.360000000000001,140,110,113,112,112,111
1.370000000000001,140,109,113,111,113,110
1.380000000000001,140,109,114,111,113,110
1.390000000000001,140,109,114,110,112,110
1.400000000000001,140,109,114,110,112,110
1.410000000000001,140,109,114,109,112,110
1.420000000000001,140,109,114,108,112,109
1.430000000000001,140,109,113,108,111,109
1.440000000000001,140,109,113,107,111,109
1.450000000000001,140,109,112,107,111,109
1.460000000000001,140,109,111,107,111,109
1.470000000000001,140,109,110,107,110,109
1.480000000000001,140,109,109,107,110,109
1.490000000000001,140,109,108,107,109,109
1.500000000000001,140,109,108,107,108,109
1.5100000000000011,140,108,107,107,108,109
1.5200000000000011,140,108,107,107,107,109
1.5300000000000011,140,107,106,108,107,108
1.5400000000000011,140,107,106,108,106,108
1.5500000000000012,140,106,105,108,106,107
1.5600000000000012,140,104,105,107,106,106
1.5700000000000012,140,104,104,107,105,106
1.5800000000000012,140,103,104,107,105,105
1.5900000000000012,140,103,105,106,105,105
1.6000000000000012,140,103,106,106,104,104
1.6100000000000012,140,104,107,105,104,104
1.6200000000000012,140,105,107,105,104,104
1.6300000000000012,140,105,108,105,104,105
1.6400000000000012,140,106,108,105,105,105
1.6500000000000012,140,106,108,105,106,105
1.6600000000000013,140,106,108,105,106,105
1.6700000000000013,140,106,107,106,107,105
1.6800000000000013,140,106,107,107,107,106
1.6900000000000013,140,106,107,107,108,106
1.7000000000000013,140,107,107,108,108,106
1.7100000000000013,140,107,107,108,109,106
1.7200000000000013,140,108,108,108,109,107
1.7300000000000013,140,108,109,108,109,107
1.7400000000000013,140,109,109,107,110,107
1.7500000000000013,140,109,110,107,110,108
1.7600000000000013,140,109,110,107,110,108
1.7700000000000014,140,108,111,107,111,108
1.7800000000000014,140,108,111,106,111,108
1.7900000000000014,140,108,110,106,111,108
1.8000000000000014,140,107,110,106,111,108
1.8100000000000014,140,107,110,106,111,108
1.8200000000000014,140,107,110,107,111,107
1.8300000000000014,140,107,110,107,111,107
1.8400000000000014,140,107,110,107,110,107
1.8500000000000014,140,107,109,107,110,107
1.8600000000000014,140,107,109,107,109,107
1.8700000000000014,140,107,109,107,109,107
1.8800000000000014,140,107,109,107,108,107
1.8900000000000015,140,108,109,108,108,107
1.9000000000000015,140,108,109,108,108,108
1.9100000000000015,140,108,109,108,108,108
1.9200000000000015,140,109,109,107,107,108
1.9300000000000015,140,109,109,107,107,108
1.9400000000000015,140,108,109,107,107,108
1.9500000000000015,140,108,108,107,107,108
1.9600000000000015,140,108,108,107,107,108
1.9700000000000015,140,107,108,107,107,108
1.9800000000000015,140,107,107,107,107,108
1.9900000000000015,140,107,107,106,107,107
2.0000000000000013,140,107,107,106,107,107
2.010000000000001,140,106,107,105,106,107
2.020000000000001,140,106,107,105,106,107
2.0300000000000007,140,106,107,105,106,107
2.0400000000000005,140,106,107,104,105,106
2.0500000000000003,140,105,107,104,104,106
2.06,140,105,107,104,104,106
2.07,140,105,107,104,104,105
2.0799999999999996,140,105,108,104,104,105
2.0899999999999994,140,105,108,104,105,105
2.099999999999999,140,105,109,105,105,105
2.109999999999999,140,105,109,105,106,105
2.1199999999999988,140,106,108,105,106,105
2.1299999999999986,140,106,108,106,107,106
2.1399999999999983,140,107,108,106,107,106
2.149999999999998,140,107,107,106,107,106
2.159999999999998,140,108,107,106,108,107
2.1699999999999977,140,108,106,106,108,107
2.1799999999999975,140,107,106,106,107,107
2.1899999999999973,140,107,106,106,107,107
2.199999999999997,140,107,106,106,107,107
2.209999999999997,140,107,106,105,107,107
2.2199999999999966,140,107,107,105,107,107
2.2299999999999964,140,107,107,105,107,107
2.239999999999996,140,106,107,105,107,107
2.249999999999996,140,106,106,104,107,106
2.259999999999996,140,105,106,104,107,106
2.2699999999999956,140,104,105,105,107,106
2.2799999999999954,140,104,105,105,107,105
2.289999999999995,140,104,104,105,106,105
2.299999999999995,140,103,105,105,106,104
2.3099999999999947,140,104,105,105,106,104
2.3199999999999945,140,104,105,105,105,104
2.3299999999999943,140,104,106,105,105,104
2.339999999999994,140,105,106,105,105,104
2.349999999999994,140,106,107,105,105,105
2.3599999999999937,140,106,107,105,105,105
2.3699999999999934,140,107,107,105,105,106
2.3799999999999932,140,108,106,105,105,106
2.389999999999993,140,108,106,106,105,107
2.399999999999993,140,108,106,106,106,107
2.4099999999999926,140,109,106,107,106,107
2.4199999999999924,140,109,106,107,106,108
2.429999999999992,140,109,107,108,107,108
2.439999999999992,140,109,107,108,107,108
2.4499999999999917,140,108,108,108,107,108
2.4599999999999915,140,108,108,108,107,108
2.4699999999999913,140,108,108,108,107,108
2.479999999999991,140,107,109,107,107,108
2.489999999999991,140,107,109,107,107,108
2.4999999999999907,140,106,109,107,107,107
2.5099999999999905,140,106,110,106,107,107
2.5199999999999902,140,106,110,106,107,107
2.52999999999999,140,105,110,105,107,106
2.53999999999999,140,105,109,105,107,106
2.5499999999999896,140,105,109,104,107,106
2.5599999999999894,140,105,109,104,107,106
2.569999999999989,140,106,108,104,107,106
2.579999999999989,140,106,108,104,107,106
2.5899999999999888,140,107,108,104,106,106
2.5999999999999885,140,107,107,105,106,106
2.6099999999999883,140,107,107,105,106,106
2.619999999999988,140,107,107,106,106,106
2.629999999999988,180,107,107,106,106,107
2.6399999999999877,180,107,107,107,106,107
2.6499999999999875,180,107,107,107,107,107
2.6599999999999873,180,108,108,108,108,107
2.669999999999987,180,109,110,110,110,108
2.679999999999987,180,111,112,112,112,109
2.6899999999999866,180,113,114,114,115,110
2.6999999999999864,180,115,117,117,117,111
2.709999999999986,180,116,119,119,119,112
2.719999999999986,180,118,121,121,121,114
2.7299999999999858,180,119,122,122,123,115
2.7399999999999856,180,120,124,124,124,116
2.7499999999999853,180,122,125,125,126,118
2.759999999999985,180,124,127,127,127,119
2.769999999999985,180,126,129,128,129,121
2.7799999999999847,180,129,131,130,131,123
2.7899999999999845,180,132,134,132,133,125
2.7999999999999843,180,135,136,134,135,128
2.809999999999984,180,137,138,135,137,130
2.819999999999984,180,139,139,137,139,132
2.8299999999999836,180,141,141,138,141,135
2.8399999999999834,180,142,142,140,143,136
2.849999999999983,180,143,143,141,144,138
2.859999999999983,180,143,143,142,144,139
2.869999999999983,180,144,144,143,145,140
2.8799999999999826,180,144,144,143,145,141
2.8899999999999824,180,144,145,143,145,142
2.899999999999982,180,144,146,143,145,142
2.909999999999982,180,144,146,143,145,143
2.9199999999999817,180,144,147,143,144,143
2.9299999999999815,180,144,147,143,144,143
2.9399999999999813,180,144,148,143,143,144
2.949999999999981,180,144,148,143,143,144
2.959999999999981,180,144,147,143,143,144
2.9699999999999807,180,144,147,142,143,144
2.9799999999999804,180,144,146,142,143,144
2.9899999999999802,180,144,144,142,143,144
2.99999999999998,180,143,143,141,142,144
3.00999999999998,180,143,142,141,142,144
3.0199999999999796,180,142,141,141,142,143
3.0299999999999794,180,141,141,140,141,143
3.039999999999979,180,140,141,140,140,142
3.049999999999979,180,139,140,140,140,141
3.0599999999999787,180,138,140,139,139,141
3.0699999999999785,180,137,140,138,139,140
3.0799999999999783,180,137,140,138,138,139
3.089999999999978,180,136,140,137,138,138
3.099999999999978,180,135,140,136,138,137
3.1099999999999777,180,135,140,136,138,137
3.1199999999999775,180,134,140,135,138,136
3.1299999999999772,180,134,139,135,138,136
3.139999999999977,180,135,139,134,139,135
3.149999999999977,180,135,139,134,139,135
3.1599999999999766,180,136,138,134,139,136
3.1699999999999764,180,136,138,134,139,136
3.179999999999976,180,137,138,134,139,136
3.189999999999976,180,137,137,135,139,136
3.1999999999999758,180,137,137,135,139,136
3.2099999999999755,180,137,137,136,139,137
3.2199999999999753,180,137,137,136,139,137
3.229999999999975,180,137,137,137,139,137
3.239999999999975,180,136,137,137,138,136
3.2499999999999747,180,136,138,137,138,136
3.2599999999999745,180,136,138,138,138,136
3.2699999999999743,180,136,139,138,138,136
3.279999999999974,180,137,139,138,138,136
3.289999999999974,180,138,140,138,138,137
3.2999999999999736,180,138,140,138,138,137
3.3099999999999734,180,139,140,139,138,138
3.319999999999973,180,140,141,139,139,138
3.329999999999973,180,140,141,139,139,139
3.3399999999999728,180,140,140,139,139,139
3.3499999999999726,180,140,141,139,140,139
3.3599999999999723,180,140,141,139,140,140
3.369999999999972,180,140,141,139,140,140
3.379999999999972,180,140,141,139,140,140
3.3899999999999717,180,139,141,139,140,139
3.3999999999999715,180,139,140,139,140,139
3.4099999999999713,180,138,140,139,140,139
3.419999999999971,180,137,140,139,139,139
3.429999999999971,180,137,140,139,139,138
3.4399999999999706,180,136,139,138,138,138
3.4499999999999704,180,136,140,138,137,137
3.45999999999997,180,136,140,137,137,137
3.46999999999997,180,137,140,137,136,137
3.47999999999997,180,137,140,137,136,137
3.4899999999999696,180,138,140,137,136,137
3.4999999999999694,180,138,140,137,137,138
3.509999999999969,180,139,139,137,137,138
3.519999999999969,180,139,138,137,137,138
3.5299999999999687,180,139,138,137,138,138
3.5399999999999685,180,139,138,137,139,138
3.5499999999999683,180,138,138,137,139,138
3.559999999999968,180,137,138,137,140,138
3.569999999999968,180,137,138,137,140,138
3.5799999999999677,180,136,138,137,141,137
3.5899999999999674,180,136,139,137,141,137
3.5999999999999672,180,136,139,137,141,137
3.609999999999967,180,136,139,137,141,137
3.619999999999967,180,137,140,137,140,137
3.6299999999999666,180,137,140,137,140,137
3.6399999999999664,180,137,140,137,140,137
3.649999999999966,180,138,140,137,140,137
3.659999999999966,180,138,140,137,140,137
3.6699999999999657,180,139,140,138,140,138
3.6799999999999655,180,140,139,138,140,138
3.6899999999999653,180,140,139,139,140,139
3.699999999999965,180,141,139,139,140,139
3.709999999999965,180,141,139,139,140,140
3.7199999999999647,180,142,139,140,140,140
3.7299999999999645,180,141,140,140,140,141
3.7399999999999642,180,141,140,140,140,141
3.749999999999964,180,141,141,141,140,141
3.759999999999964,180,140,142,141,140,140
3.7699999999999636,180,140,142,141,140,140
3.7799999999999634,180,140,143,141,140,140
3.789999999999963,180,139,143,141,140,140
3.799999999999963,180,139,143,141,140,140
3.8099999999999627,180,139,143,140,140,140
3.8199999999999625,180,140,142,140,140,140
3.8299999999999623,180,140,141,140,140,140
3.839999999999962,180,140,141,140,139,140
3.849999999999962,180,141,140,139,139,140
3.8599999999999617,180,141,140,139,139,141
3.8699999999999615,180,142,140,139,139,141
3.8799999999999613,180,142,140,139,139,141
3.889999999999961,180,142,140,139,139,141
3.899999999999961,180,141,140,139,139,141
3.9099999999999606,180,140,140,139,139,141
3.9199999999999604,180,140,140,139,139,141
3.92999999999996,180,139,140,139,139,140
3.93999999999996,180,138,140,138,139,140
3.9499999999999598,180,137,140,138,140,139
3.9599999999999596,180,137,140,138,140,138
3.9699999999999593,180,136,140,138,140,138
3.979999999999959,180,136,140,138,141,138
3.989999999999959,180,137,140,138,141,137
3.9999999999999587,180,137,139,138,141,137
4.009999999999959,180,138,139,137,141,137
4.019999999999959,180,138,138,137,141,138
4.0299999999999585,180,139,138,137,141,138
4.039999999999958,180,139,138,138,141,138
4.049999999999958,180,140,138,138,140,139
4.059999999999958,180,141,138,138,140,139
4.069999999999958,180,141,138,138,140,140
4.079999999999957,180,141,139,138,140,140
4.089999999999957,180,140,139,139,140,140
4.099999999999957,180,140,140,139,140,140
4.109999999999957,180,140,140,139,140,140
4.119999999999957,180,139,141,139,140,140
4.129999999999956,180,139,141,139,140,139
4.139999999999956,180,139,142,139,140,139
4.149999999999956,180,139,142,139,140,139
4.159999999999956,180,139,143,139,140,139
4.1699999999999555,180,140,143,140,140,139
4.179999999999955,180,140,142,140,140,140
4.189999999999955,180,140,142,140,140,140
4.199999999999955,180,141,142,140,140,140
4.209999999999955,180,141,141,140,141,140
4.2199999999999545,180,141,141,140,141,141
4.229999999999954,180,142,141,140,140,141
4.239999999999954,180,142,141,141,140,141
4.249999999999954,180,142,141,141,140,141
4.259999999999954,180,141,141,141,140,141
4.269999999999953,180,141,142,141,139,141
4.279999999999953,180,140,142,141,139,141
4.289999999999953,180,139,143,140,139,140
4.299999999999953,180,139,143,140,139,140
4.3099999999999525,180,138,143,140,140,140
4.319999999999952,180,138,143,139,140,139
4.329999999999952,180,138,142,139,140,139
4.339999999999952,180,138,142,139,140,139
4.349999999999952,180,139,141,139,141,139
4.3599999999999515,180,139,140,139,141,139
4.369999999999951,180,140,140,139,141,139
4.379999999999951,180,140,139,138,141,139
4.389999999999951,180,140,139,138,141,139
4.399999999999951,180,140,139,138,141,139
4.40999999999995,180,139,139,138,141,139
4.41999999999995,180,139,139,138,141,139
4.42999999999995,180,138,139,137,141,139
4.43999999999995,180,138,139,137,141,139
4.4499999999999496,180,138,139,137,141,139
4.459999999999949,180,138,140,138,140,138
4.469999999999949,180,137,140,138,140,138
4.479999999999949,180,137,140,138,140,138
4.489999999999949,180,138,140,138,140,138
4.4999999999999485,180,138,141,138,140,138
4.509999999999948,180,138,141,139,139,138
4.519999999999948,180,139,140,139,139,138
4.529999999999948,180,139,140,139,139,138
4.539999999999948,180,140,140,139,140,139
4.549999999999947,180,141,140,140,140,139
4.559999999999947,180,141,140,140,140,140
4.569999999999947,180,142,140,141,141,140
4.579999999999947,180,142,141,141,141,141
4.589999999999947,180,142,142,141,141,141
4.599999999999946,180,142,142,142,142,141
4.609999999999946,180,141,143,142,142,141
4.619999999999946,180,141,144,142,142,141
4.629999999999946,220,140,144,142,142,141
4.6399999999999455,220,140,144,141,142,141
4.649999999999945,220,140,144,141,142,140
4.659999999999945,220,140,144,141,142,140
4.669999999999945,220,142,144,142,143,141
4.679999999999945,220,144,145,144,145,142
4.689999999999944,220,146,146,146,146,143
4.699999999999944,220,148,148,148,149,144
4.709999999999944,220,151,150,151,151,146
4.719999999999944,220,153,151,153,153,148
4.729999999999944,220,154,153,155,154,149
4.739999999999943,220,156,154,157,156,151
4.749999999999943,220,157,155,158,157,152
4.759999999999943,220,158,157,160,158,154
4.769999999999943,220,158,159,161,159,155
4.7799999999999425,220,159,161,162,161,156
4.789999999999942,220,160,163,163,163,157
4.799999999999942,220,162,165,164,164,158
4.809999999999942,220,163,167,165,166,159
4.819999999999942,220,165,169,166,168,161
4.8299999999999415,220,167,171,166,170,162
4.839999999999941,220,168,172,167,171,164
4.849999999999941,220,170,172,168,173,165
4.859999999999941,220,172,173,169,174,167
4.869999999999941,220,173,173,170,175,168
4.87999999999994,220,174,173,170,175,170
4.88999999999994,220,175,173,171,175,171
4.89999999999994,220,175,174,172,175,172
4.90999999999994,220,175,174,172,175,173
4.9199999999999395,220,175,175,173,175,173
4.929999999999939,220,174,176,173,175,173
4.939999999999939,220,174,177,173,175,174
4.949999999999939,220,174,177,174,175,174
4.959999999999939,220,174,178,174,175,174
4.9699999999999385,220,174,178,174,175,174
4.979999999999938,220,174,178,174,174,174
4.989999999999938,220,175,178,173,174,174
4.999999999999938,220,175,177,173,174,174
5.009999999999938,220,175,176,172,174,174
5.019999999999937,220,175,176,172,173,175
5.029999999999937,220,175,175,172,173,175
5.039999999999937,220,174,175,171,173,174
5.049999999999937,220,173,174,171,173,174
5.0599999999999365,220,172,174,171,172,174
5.069999999999936,220,172,174,171,172,173
5.079999999999936,220,171,174,171,172,172
5.089999999999936,220,170,174,171,172,172
5.099999999999936,220,169,174,171,172,171
5.1099999999999355,220,169,174,171,172,171
5.119999999999935,220,169,174,171,172,170
5.129999999999935,220,169,173,171,172,170
5.139999999999935,220,170,173,171,173,170
5.149999999999935,220,171,172,171,173,170
5.159999999999934,220,171,172,171,173,170
5.169999999999934,220,171,172,171,174,171
5.179999999999934,220,172,172,171,174,171
5.189999999999934,220,172,172,171,174,171
5.199999999999934,220,172,172,172,173,171
5.209999999999933,220,172,172,172,173,172
5.219999999999933,220,172,172,172,172,172
5.229999999999933,220,171,172,172,172,172
5.239999999999933,220,171,173,172,172,171
5.2499999999999325,220,171,173,172,172,171
5.259999999999932,220,171,173,172,173,171
5.269999999999932,220,171,173,172,173,171
5.279999999999932,220,172,173,171,173,171
5.289999999999932,220,173,174,171,173,172
5.299999999999931,220,173,174,171,173,172
5.309999999999931,220,174,174,171,174,173
5.319999999999931,220,174,174,171,173,173
5.329999999999931,220,174,174,171,173,173
5.339999999999931,220,174,174,171,173,173
5.34999999999993,220,173,174,171,172,173
5.35999999999993,220,173,174,171,172,173
5.36999999999993,220,172,174,171,172,173
5.37999999999993,220,172,175,172,172,173
5.3899999999999295,220,172,175,172,172,172
5.399999999999929,220,172,174,172,172,172
5.409999999999929,220,172,174,172,172,172
5.419999999999929,220,172,174,172,173,172
5.429999999999929,220,173,174,171,173,172
5.4399999999999284,220,173,174,171,174,172
5.449999999999928,220,173,174,171,174,173
5.459999999999928,220,173,174,171,174,173
5.469999999999928,220,173,175,171,174,173
5.479999999999928,220,172,175,171,174,172
5.489999999999927,220,172,175,171,175,172
5.499999999999927,220,171,175,171,175,172
5.509999999999927,220,170,175,171,175,172
5.519999999999927,220,170,175,171,175,171
5.5299999999999265,220,170,175,171,175,171
5.539999999999926,220,171,175,172,175,171
5.549999999999926,220,172,175,172,175,171
5.559999999999926,220,173,175,172,175,172
5.569999999999926,220,174,175,173,175,172
5.5799999999999255,220,174,175,173,175,173
5.589999999999925,220,175,175,174,175,173
5.599999999999925,220,175,176,174,175,174
5.609999999999925,220,175,176,174,175,174
5.619999999999925,220,174,176,174,175,174
5.629999999999924,220,174,176,174,174,174
5.639999999999924,220,173,176,174,173,174
5.649999999999924,220,172,176,174,173,173
5.659999999999924,220,171,176,174,172,173
5.6699999999999235,220,171,176,174,172,172
5.679999999999923,220,171,176,173,171,172
5.689999999999923,220,172,175,173,171,172
5.699999999999923,220,172,175,173,171,172
5.709999999999923,220,173,175,173,171,172
5.7199999999999225,220,174,174,173,172,173
5.729999999999922,220,175,174,173,172,173
5.739999999999922,220,176,174,173,172,174
5.749999999999922,220,176,173,173,172,174
5.759999999999922,220,175,173,173,172,175
5.769999999999921,220,174,173,173,172,174
5.779999999999921,220,173,173,173,172,174
5.789999999999921,220,172,172,173,172,174
5.799999999999921,220,171,172,172,172,173
5.809999999999921,220,170,172,172,172,172
5.81999999999992,220,170,172,171,172,172
5.82999999999992,220,170,172,171,172,171
5.83999999999992,220,170,172,171,172,171
5.84999999999992,220,171,172,171,172,171
5.8599999999999195,220,172,172,171,172,171
5.869999999999919,220,172,173,171,173,172
5.879999999999919,220,172,173,171,173,172
5.889999999999919,220,172,173,171,173,172
5.899999999999919,220,171,173,171,173,172
5.909999999999918,220,171,173,171,172,171
5.919999999999918,220,170,174,170,172,171
5.929999999999918,220,169,174,170,172,171
5.939999999999918,220,169,174,170,172,170
5.949999999999918,220,169,175,170,172,170
5.959999999999917,220,170,175,169,173,170
5.969999999999917,220,171,176,169,173,170
5.979999999999917,220,172,176,170,173,171
5.989999999999917,220,173,176,170,174,171
5.9999999999999165,220,173,175,170,174,172
6.009999999999916,220,174,174,170,173,172
6.019999999999916,220,174,174,170,173,173
6.029999999999916,220,174,173,171,172,173
6.039999999999916,220,174,173,171,171,173
6.0499999999999154,220,174,173,171,171,173
6.059999999999915,220,173,173,171,170,173
6.069999999999915,220,172,173,171,170,173
6.079999999999915,220,172,173,171,170,173
6.089999999999915,220,171,173,171,170,172
6.099999999999914,220,171,173,171,171,172
6.109999999999914,220,171,172,171,171,172
6.119999999999914,220,172,172,171,172,172
6.129999999999914,220,172,172,171,173,172
6.1399999999999135,220,172,172,171,174,172
6.149999999999913,220,173,172,171,174,172
6.159999999999913,220,173,172,170,174,172
6.169999999999913,220,173,172,170,174,172
6.179999999999913,220,172,172,170,174,172
6.1899999999999125,220,171,172,170,173,172
6.199999999999912,220,171,172,170,173,172
6.209999999999912,220,170,172,171,173,171
6.219999999999912,220,170,173,171,172,171
6.229999999999912,220,170,173,171,172,171
6.239999999999911,220,171,173,172,172,171
6.249999999999911,220,172,173,172,172,171
6.259999999999911,220,172,173,172,172,172
6.269999999999911,220,173,173,172,173,172
6.2799999999999105,220,174,173,172,173,173
6.28999999999991,220,175,173,172,173,173
6.29999999999991,220,175,174,172,173,173
6.30999999999991,220,174,174,172,173,173
6.31999999999991,220,173,175,172,173,173
6.3299999999999095,220,173,175,172,173,173
6.339999999999909,220,172,175,172,172,173
6.349999999999909,220,172,175,171,172,173
6.359999999999909,220,172,175,171,172,172
6.369999999999909,220,172,175,171,172,172
6.379999999999908,220,172,174,171,172,172
6.389999999999908,220,173,174,171,172,173
6.399999999999908,220,174,174,171,172,173
6.409999999999908,220,174,174,171,173,173
6.419999999999908,220,174,174,171,173,173
6.429999999999907,220,174,174,171,173,173
6.439999999999907,220,173,174,171,173,173
6.449999999999907,220,172,174,171,173,173
6.459999999999907,220,171,174,171,173,172
6.4699999999999065,220,170,174,171,173,172
6.479999999999906,220,170,174,171,172,171
6.489999999999906,220,169,173,171,172,171
6.499999999999906,220,169,173,171,173,171
6.509999999999906,220,170,173,170,173,170
6.519999999999905,220,170,173,170,173,170
6.529999999999905,220,171,172,170,173,170
6.539999999999905,220,171,172,170,173,171
6.549999999999905,220,172,172,170,173,171
6.559999999999905,220,172,171,170,173,171
6.569999999999904,220,172,171,170,173,171
6.579999999999904,220,172,171,170,173,172
6.589999999999904,220,171,171,170,173,171
6.599999999999904,220,171,171,170,172,171
6.6099999999999035,220,170,172,170,172,171
6.619999999999903,220,170,172,170,172,171
6.629999999999903,260,169,173,170,171,170
6.639999999999903,260,170,173,169,171,170
6.649999999999903,260,170,174,169,172,170
6.659999999999902,260,171,175,170,173,171
6.669999999999902,260,173,176,171,175,171
6.679999999999902,260,174,177,173,176,172
6.689999999999902,260,176,177,174,177,173
6.699999999999902,260,178,178,176,179,174
6.709999999999901,260,179,180,178,180,175
6.719999999999901,260,181,181,180,182,177
6.729999999999901,260,182,182,182,183,178
6.739999999999901,260,183,183,183,184,179
6.7499999999999005,260,183,185,185,185,180
6.7599999999999,260,184,186,186,186,181
6.7699999999999,260,185,187,186,187,182
6.7799999999999,260,185,188,187,188,183
6.7899999999999,260,187,189,187,188,184
6.7999999999998995,260,188,190,188,189,185
6.809999999999899,260,189,190,188,190,186
6.819999999999899,260,190,190,189,190,187
6.829999999999899,260,191,191,189,191,188
6.839999999999899,260,192,191,190,192,189
6.849999999999898,260,193,192,190,193,190
6.859999999999898,260,192,192,190,193,190
6.869999999999898,260,192,193,190,193,191
6.879999999999898,260,192,194,190,193,191
6.8899999999998975,260,192,195,190,194,191
6.899999999999897,260,192,196,190,194,192
6.909999999999897,260,193,196,191,193,192
6.919999999999897,260,194,197,192,193,193
6.929999999999897,260,195,197,193,193,193
6.9399999999998965,260,197,198,194,193,194
6.949999999999896,260,198,198,195,193,195
6.959999999999896,260,198,199,196,193,196
6.969999999999896,260,197,199,196,194,196
6.979999999999896,260,196,199,197,194,196
6.989999999999895,260,194,199,197,194,195
6.999999999999895,260,192,198,196,194,195
7.009999999999895,260,190,197,194,194,193
7.019999999999895,260,189,196,193,194,192
7.0299999999998946,260,188,194,191,195,191
7.039999999999894,260,187,193,190,195,190
7.049999999999894,260,187,192,189,194,189
7.059999999999894,260,187,192,189,194,189
7.069999999999894,260,187,192,189,194,188
7.0799999999998935,260,188,192,190,194,188
7.089999999999893,260,189,192,190,194,189
7.099999999999893,260,190,192,191,194,189
7.109999999999893,260,192,192,193,194,190
7.119999999999893,260,192,193,194,194,190
7.129999999999892,260,193,193,195,194,191
7.139999999999892,260,193,193,196,194,192
7.149999999999892,260,194,194,197,194,192
7.159999999999892,260,194,194,197,194,192
7.169999999999892,260,193,193,197,194,193
7.179999999999891,260,193,193,197,193,193
7.189999999999891,260,193,194,197,193,193
7.199999999999891,260,194,194,197,193,193
7.209999999999891,260,195,194,196,193,194
7.2199999999998905,260,196,195,196,193,194
7.22999999999989,260,197,195,196,194,195
7.23999999999989,260,198,195,196,193,195
7.24999999999989,260,198,195,195,193,196
7.25999999999989,260,199,196,195,193,197
7.269999999999889,260,200,197,196,192,198
7.279999999999889,260,200,198,196,193,198
7.289999999999889,260,201,198,196,193,199
7.299999999999889,260,201,199,196,194,199
7.309999999999889,260,201,199,197,195,200
7.319999999999888,260,201,200,197,195,200
7.329999999999888,260,200,201,198,196,200
7.339999999999888,260,200,202,197,196,200
7.349999999999888,260,199,202,197,197,200
7.3599999999998875,260,199,203,197,198,200
7.369999999999887,260,198,203,196,198,199
7.379999999999887,260,197,202,195,199,199
7.389999999999887,260,197,202,194,198,198
7.399999999999887,260,196,201,194,198,198
7.4099999999998865,260,196,200,193,198,197
7.419999999999886,260,195,199,193,198,197
7.429999999999886,260,195,198,193,198,196
7.439999999999886,260,195,197,193,198,196
7.449999999999886,260,196,196,193,198,196
7.459999999999885,260,196,196,194,199,196
7.469999999999885,260,197,196,194,199,196
7.479999999999885,260,197,197,195,200,197
7.489999999999885,260,198,198,196,200,197
7.4999999999998845,260,197,199,197,200,197
7.509999999999884,260,197,200,198,200,197
7.519999999999884,260,197,201,198,199,197
7.529999999999884,260,197,201,198,198,197
7.539999999999884,260,197,201,199,197,197
7.5499999999998835,260,197,200,199,196,197
7.559999999999883,260,197,200,198,195,197
7.569999999999883,260,197,198,198,194,197
7.579999999999883,260,196,197,197,194,197
7.589999999999883,260,195,196,196,193,196
7.599999999999882,260,194,194,195,192,196
7.609999999999882,260,192,193,193,191,195
7.619999999999882,260,190,192,192,189,193
7.629999999999882,260,188,192,190,188,192
7.6399999999998816,260,187,192,190,187,191
7.649999999999881,260,187,192,189,187,190
7.659999999999881,260,187,192,189,187,189
7.669999999999881,260,188,192,189,187,189
7.679999999999881,260,189,192,190,188,189
7.6899999999998805,260,191,192,190,190,190
7.69999999999988,260,192,191,190,191,190
7.70999999999988,260,192,191,190,193,191
7.71999999999988,260,192,191,190,194,191
7.72999999999988,260,192,191,190,195,191
7.739999999999879,260,191,191,190,195,191
7.749999999999879,260,190,191,190,195,191
7.759999999999879,260,189,191,189,195,190
7.769999999999879,260,188,191,189,194,189
7.779999999999879,260,188,191,189,194,189
7.789999999999878,260,188,191,189,193,189
7.799999999999878,260,189,191,189,193,189
7.809999999999878,260,190,191,189,192,189
7.819999999999878,260,191,191,189,192,190
7.8299999999998775,260,191,191,189,192,190
7.839999999999877,260,191,192,189,191,190
7.849999999999877,260,191,192,189,191,190
7.859999999999877,260,191,191,189,190,190
7.869999999999877,260,190,191,189,188,190
7.879999999999876,260,190,191,189,187,190
7.889999999999876,260,190,191,189,187,190
7.899999999999876,260,190,191,189,186,190
7.909999999999876,260,191,192,189,187,191
7.919999999999876,260,191,192,190,187,191
7.929999999999875,260,191,193,191,188,191
7.939999999999875,260,191,192,191,189,191
7.949999999999875,260,190,192,191,190,191
7.959999999999875,260,190,192,191,190,190
7.9699999999998745,260,190,191,191,190,190
7.979999999999874,260,189,191,191,190,190
7.989999999999874,260,189,191,191,191,190
7.999999999999874,260,189,192,190,191,189
8.009999999999874,260,188,193,190,191,189
8.019999999999873,260,188,193,190,191,189
8.029999999999873,260,188,194,190,191,189
8.039999999999873,260,188,195,189,191,189
8.049999999999873,260,189,195,189,192,189
8.059999999999873,260,190,195,190,193,189
8.069999999999872,260,191,195,190,193,190
8.079999999999872,260,192,195,191,194,190
8.089999999999872,260,193,194,191,194,191
8.099999999999872,260,193,193,191,194,191
8.109999999999872,260,193,192,192,194,192
8.119999999999871,260,193,191,192,194,192
8.129999999999871,260,192,191,192,193,192
8.139999999999871,260,192,191,193,193,192
8.14999999999987,260,191,192,193,192,192
8.15999999999987,260,191,192,194,192,191
8.16999999999987,260,191,193,194,192,191
8.17999999999987,260,191,194,194,192,191
8.18999999999987,260,192,194,193,192,192
8.19999999999987,260,193,195,193,192,192
8.20999999999987,260,193,194,192,192,192
8.21999999999987,260,194,194,191,192,193
8.229999999999869,260,194,194,191,192,193
8.239999999999869,260,193,193,190,192,193
8.249999999999869,260,192,193,190,192,193
8.259999999999868,260,192,192,190,192,192
8.269999999999868,260,191,192,190,192,192
8.279999999999868,260,190,192,190,191,191
8.289999999999868,260,189,192,190,191,191
8.299999999999867,260,189,191,189,191,191
8.309999999999867,260,189,191,189,191,190
8.319999999999867,260,189,190,189,191,190
8.329999999999867,260,190,189,189,191,190
8.339999999999867,260,190,188,190,191,190
8.349999999999866,260,190,188,190,191,190
8.359999999999866,260,190,188,190,191,190
8.369999999999866,260,190,189,189,191,190
8.379999999999866,260,189,189,189,191,190
8.389999999999866,260,189,190,189,190,189
8.399999999999865,260,189,191,189,190,189
8.409999999999865,260,188,192,189,190,189
8.419999999999865,260,188,193,189,190,189
8.429999999999865,260,188,193,188,190,188
8.439999999999864,260,188,194,188,190,188
8.449999999999864,260,189,194,188,191,189
8.459999999999864,260,190,194,189,191,189
8.469999999999864,260,191,194,189,191,190
8.479999999999864,260,192,194,189,191,190
8.489999999999863,260,193,194,189,191,191
8.499999999999863,260,193,194,189,191,191
8.509999999999863,260,193,194,189,191,192
8.519999999999863,260,193,194,189,191,192
8.529999999999863,260,192,194,190,191,192
8.539999999999862,260,191,193,190,190,192
8.549999999999862,260,191,193,190,190,191
8.559999999999862,260,190,192,190,190,191
8.569999999999862,260,190,192,190,191,191
8.579999999999862,260,190,192,190,191,191
8.589999999999861,260,190,192,190,192,191
8.599999999999861,260,191,192,190,193,191
8.60999999999986,260,191,191,190,193,191
8.61999999999986,260,191,192,190,193,191
