t,i1,i2,i3,i4,i5,i6
0.0,100,199,0,0,0,246
0.01,100,184,0,0,0,227
0.02,100,165,0,0,0,204
0.03,100,144,0,0,0,178
0.04,100,121,0,0,-231,152
0.05,100,96,0,0,-231,124
0.060000000000000005,100,72,0,0,-231,96
0.07,100,50,0,0,-231,69
0.08,100,29,0,0,-231,44
0.09,100,10,0,0,72,26
0.09999999999999999,100,-1,0,0,72,16
0.10999999999999999,100,-8,0,0,213,13
0.11999999999999998,100,-9,0,0,213,16
0.12999999999999998,100,-7,0,0,262,22
0.13999999999999999,100,-2,0,0,293,29
0.15,100,4,0,0,293,38
0.16,100,11,0,0,242,48
0.17,100,18,0,0,242,56
0.18000000000000002,100,24,0,0,171,64
0.19000000000000003,100,30,0,0,171,71
0.20000000000000004,100,34,0,0,171,77
0.21000000000000005,100,37,0,0,159,82
0.22000000000000006,100,39,0,0,218,85
0.23000000000000007,100,41,0,0,218,86
0.24000000000000007,100,44,0,0,278,87
0.25000000000000006,100,47,1,1,297,86
0.26000000000000006,100,51,5,4,297,84
0.2700000000000001,100,54,9,8,277,83
0.2800000000000001,100,57,14,13,236,80
0.2900000000000001,100,59,19,18,236,79
0.3000000000000001,100,60,24,24,188,77
0.3100000000000001,100,61,28,29,188,75
0.3200000000000001,100,61,32,34,195,74
0.3300000000000001,100,60,35,38,195,72
0.34000000000000014,100,59,38,42,234,69
0.35000000000000014,100,58,41,45,234,67
0.36000000000000015,100,59,43,48,274,64
0.37000000000000016,100,59,45,49,281,61
0.38000000000000017,100,60,48,51,273,58
0.3900000000000002,100,61,50,51,273,56
0.4000000000000002,100,62,51,52,265,54
0.4100000000000002,100,62,53,52,265,54
0.4200000000000002,100,63,54,52,254,53
0.4300000000000002,100,63,55,51,242,54
0.4400000000000002,100,63,55,50,242,55
0.45000000000000023,100,63,55,50,262,56
0.46000000000000024,100,63,55,49,260,57
0.47000000000000025,100,63,55,49,260,58
0.48000000000000026,100,64,54,48,256,59
0.49000000000000027,100,64,53,48,256,59
0.5000000000000002,100,63,53,48,229,60
0.5100000000000002,100,63,52,48,229,60
0.5200000000000002,100,62,52,48,198,60
0.5300000000000002,100,61,51,49,198,59
0.5400000000000003,100,59,51,49,187,58
0.5500000000000003,100,57,51,49,187,57
0.5600000000000003,100,56,51,49,194,56
0.5700000000000003,100,54,51,49,194,54
0.5800000000000003,100,53,50,49,204,53
0.5900000000000003,100,52,50,49,224,52
0.6000000000000003,100,51,50,48,224,51
0.6100000000000003,100,51,49,47,220,50
0.6200000000000003,100,51,48,47,220,50
0.6300000000000003,100,51,47,46,213,50
0.6400000000000003,100,51,46,45,213,51
0.6500000000000004,100,52,45,44,224,52
0.6600000000000004,100,52,44,43,224,53
0.6700000000000004,100,53,43,43,237,53
0.6800000000000004,100,53,43,42,238,54
0.6900000000000004,100,54,42,41,238,54
0.7000000000000004,100,55,42,41,242,55
0.7100000000000004,100,55,42,41,242,55
0.7200000000000004,100,56,43,41,250,55
0.7300000000000004,100,57,44,41,232,55
0.7400000000000004,100,57,44,42,232,55
0.7500000000000004,100,58,45,42,215,55
0.7600000000000005,100,58,45,43,215,55
0.7700000000000005,100,57,46,44,208,55
0.7800000000000005,100,57,46,45,208,55
0.7900000000000005,100,56,46,45,224,55
0.8000000000000005,100,56,46,46,241,55
0.8100000000000005,100,56,47,46,241,55
0.8200000000000005,100,56,47,46,234,55
0.8300000000000005,100,56,47,46,234,55
0.8400000000000005,140,56,47,46,227,55
0.8500000000000005,140,56,48,46,227,55
0.8600000000000005,140,56,48,46,251,55
0.8700000000000006,140,57,48,46,311,57
0.8800000000000006,140,59,48,46,338,59
0.8900000000000006,140,62,48,46,335,63
0.9000000000000006,140,64,48,47,327,66
0.9100000000000006,140,67,47,47,327,70
0.9200000000000006,140,69,47,47,312,74
0.9300000000000006,140,71,47,48,309,78
0.9400000000000006,140,73,47,48,322,81
0.9500000000000006,140,74,47,48,319,84
0.9600000000000006,140,75,48,49,319,87
0.9700000000000006,140,77,49,49,317,89
0.9800000000000006,140,77,50,50,328,90
0.9900000000000007,140,78,51,51,339,91
1.0000000000000007,140,79,53,52,342,92
1.0100000000000007,140,80,56,53,337,92
1.0200000000000007,140,81,58,55,337,92
1.0300000000000007,140,82,60,57,340,92
1.0400000000000007,140,82,62,58,353,93
1.0500000000000007,140,83,65,60,371,93
1.0600000000000007,140,84,67,62,379,93
1.0700000000000007,140,86,68,64,380,93
1.0800000000000007,140,87,70,66,373,94
1.0900000000000007,140,88,71,68,372,95
1.1000000000000008,140,89,73,70,373,95
1.1100000000000008,140,90,74,72,373,96
1.1200000000000008,140,90,75,73,371,96
1.1300000000000008,140,91,75,74,357,97
1.1400000000000008,140,91,76,75,357,97
1.1500000000000008,140,91,76,76,350,97
1.1600000000000008,140,91,77,77,370,97
1.1700000000000008,140,91,77,77,382,96
1.1800000000000008,140,92,77,77,386,95
1.1900000000000008,140,92,76,77,386,95
1.2000000000000008,140,92,76,77,377,94
1.2100000000000009,140,93,75,77,375,94
1.2200000000000009,140,93,74,76,363,94
1.2300000000000009,140,92,74,75,350,94
1.2400000000000009,140,92,73,75,353,93
1.2500000000000009,140,91,72,74,361,93
1.260000000000001,140,91,72,73,359,92
1.270000000000001,140,91,72,72,359,92
1.280000000000001,140,90,71,72,354,91
1.290000000000001,140,90,71,71,348,90
1.300000000000001,140,89,71,71,345,90
1.310000000000001,140,89,72,71,358,89
1.320000000000001,140,89,72,71,365,89
1.330000000000001,140,89,72,71,374,88
1.340000000000001,140,89,72,71,370,88
1.350000000000001,140,89,71,72,352,88
1.360000000000001,140,89,71,72,352,88
1.370000000000001,140,89,71,72,345,88
1.380000000000001,140,89,70,72,354,88
1.390000000000001,140,89,69,72,361,88
1.400000000000001,140,89,69,72,390,88
1.410000000000001,140,90,68,72,403,88
1.420000000000001,140,91,68,72,395,88
1.430000000000001,140,92,69,72,392,89
1.440000000000001,140,92,69,71,376,90
1.450000000000001,140,93,70,71,372,90
1.460000000000001,140,93,71,71,370,90
1.470000000000001,140,93,71,70,356,91
1.480000000000001,140,93,72,70,346,91
1.490000000000001,140,92,72,70,341,91
1.500000000000001,140,92,72,69,341,91
1.5100000000000011,140,91,72,69,344,91
1.5200000000000011,140,90,72,70,360,90
1.5300000000000011,140,90,71,70,377,90
1.5400000000000011,140,90,71,70,375,90
1.5500000000000012,140,90,70,70,374,90
1.5600000000000012,140,90,70,71,363,90
1.5700000000000012,140,90,70,71,356,89
1.5800000000000012,140,90,70,71,357,89
1.5900000000000012,140,90,70,71,352,89
1.6000000000000012,140,90,70,70,352,89
1.6100000000000012,140,89,70,70,350,88
1.6200000000000012,140,89,70,69,351,88
1.6300000000000012,140,89,70,69,348,87
1.6400000000000012,140,88,71,69,359,87
1.6500000000000012,140,88,71,68,361,87
1.6600000000000013,140,88,71,68,361,87
1.6700000000000013,140,88,71,68,362,87
1.6800000000000013,140,88,71,68,355,87
1.6900000000000013,140,88,71,68,362,87
1.7000000000000013,140,88,71,68,362,88
1.7100000000000013,140,88,70,68,356,88
1.7200000000000013,140,89,70,68,356,89
1.7300000000000013,140,89,70,69,359,89
1.7400000000000013,140,89,70,69,366,89
1.7500000000000013,140,89,70,69,366,90
1.7600000000000013,140,89,70,70,365,90
1.7700000000000014,140,89,70,70,369,90
1.7800000000000014,140,89,70,70,359,90
1.7900000000000014,140,90,70,71,349,90
1.8000000000000014,140,90,71,71,349,90
1.8100000000000014,140,89,71,71,339,90
1.8200000000000014,140,89,72,71,344,90
1.8300000000000014,140,89,72,72,346,89
1.8400000000000014,140,88,73,72,351,89
1.8500000000000014,140,88,73,73,366,89
1.8600000000000014,140,88,73,74,378,89
1.8700000000000014,140,88,74,74,382,89
1.8800000000000014,140,89,74,75,386,90
1.8900000000000015,140,90,74,75,382,90
1.9000000000000015,140,90,75,75,373,90
1.9100000000000015,140,91,75,76,371,90
1.9200000000000015,140,91,75,76,371,90
1.9300000000000015,140,91,74,76,353,90
1.9400000000000015,140,91,74,75,353,90
1.9500000000000015,140,91,74,75,353,90
1.9600000000000015,140,91,73,75,367,89
1.9700000000000015,140,91,73,75,375,89
1.9800000000000015,140,91,73,74,377,89
1.9900000000000015,140,91,74,74,375,89
2.0000000000000013,140,91,74,73,364,88
2.010000000000001,140,91,74,73,357,88
2.020000000000001,140,91,75,73,357,88
2.0300000000000007,140,91,75,72,343,87
2.0400000000000005,140,90,75,72,345,87
2.0500000000000003,140,90,76,71,351,86
2.06,140,89,76,71,353,86
2.07,140,89,76,71,347,85
2.0799999999999996,140,88,76,71,345,85
2.0899999999999994,140,88,76,71,353,85
2.099999999999999,140,88,76,71,361,85
2.109999999999999,140,87,75,71,361,86
2.1199999999999988,140,87,74,71,367,85
2.1299999999999986,140,88,72,72,378,85
2.1399999999999983,140,88,71,72,382,85
2.149999999999998,140,89,70,72,370,85
2.159999999999998,140,89,70,71,360,86
2.1699999999999977,140,89,69,71,346,86
2.1799999999999975,140,89,69,70,344,87
2.1899999999999973,140,89,69,70,339,88
2.199999999999997,140,89,70,69,339,88
2.209999999999997,140,88,70,69,339,88
2.2199999999999966,140,88,70,69,350,88
2.2299999999999964,140,87,70,69,355,88
2.239999999999996,140,87,71,69,356,88
2.249999999999996,140,87,71,69,366,87
2.259999999999996,140,87,71,69,371,87
2.2699999999999956,140,88,72,69,365,87
2.2799999999999954,140,88,72,70,366,87
2.289999999999995,140,88,72,70,360,88
2.299999999999995,140,89,72,70,363,88
2.3099999999999947,140,89,72,71,363,88
2.3199999999999945,140,89,71,71,366,88
2.3299999999999943,140,89,71,71,357,88
2.339999999999994,140,89,71,71,351,88
2.349999999999994,140,89,71,72,360,89
2.3599999999999937,140,89,71,72,370,89
2.3699999999999934,140,90,72,72,378,89
2.3799999999999932,140,90,72,72,374,90
2.389999999999993,140,90,73,72,364,90
2.399999999999993,140,90,74,72,369,90
2.4099999999999926,140,91,74,71,370,90
2.4199999999999924,140,91,75,71,371,90
2.429999999999992,140,91,75,71,371,90
2.439999999999992,140,91,76,72,356,90
2.4499999999999917,140,90,76,72,330,90
2.4599999999999915,140,90,76,72,326,89
2.4699999999999913,140,89,76,72,331,89
2.479999999999991,140,88,76,72,349,89
2.489999999999991,140,87,76,72,364,89
2.4999999999999907,140,87,76,72,364,89
2.5099999999999905,140,87,76,72,373,88
2.5199999999999902,140,87,76,72,367,88
2.52999999999999,140,87,75,72,360,87
2.53999999999999,140,87,75,72,356,87
2.5499999999999896,140,88,75,72,360,87
2.5599999999999894,140,88,74,72,364,86
2.569999999999989,140,88,74,72,356,86
2.579999999999989,140,88,73,72,348,86
2.5899999999999888,140,88,73,72,344,87
2.5999999999999885,140,88,73,72,344,87
2.6099999999999883,140,88,73,72,332,87
2.619999999999988,140,88,73,72,344,88
2.629999999999988,140,87,73,72,353,88
2.6399999999999877,140,87,74,73,354,88
2.6499999999999875,140,87,74,73,350,88
2.6599999999999873,140,87,75,73,348,87
2.669999999999987,140,87,75,73,348,87
2.679999999999987,140,87,75,74,350,86
2.6899999999999866,140,87,75,74,353,86
2.6999999999999864,140,87,76,74,359,85
2.709999999999986,140,87,76,74,368,85
2.719999999999986,140,87,76,74,368,85
2.7299999999999858,140,88,75,74,364,85
2.7399999999999856,140,88,75,74,369,85
2.7499999999999853,140,89,74,74,381,85
2.759999999999985,140,89,73,74,373,85
2.769999999999985,140,90,73,74,364,85
2.7799999999999847,140,90,73,74,344,86
2.7899999999999845,140,90,72,73,344,87
2.7999999999999843,140,90,72,73,326,87
2.809999999999984,140,89,72,73,318,87
2.819999999999984,140,88,72,72,320,87
2.8299999999999836,140,87,71,72,344,87
2.8399999999999834,180,86,71,72,366,87
2.849999999999983,180,86,71,71,399,86
2.859999999999983,180,86,70,71,456,85
2.869999999999983,180,88,70,71,475,86
2.8799999999999826,180,90,70,71,460,87
2.8899999999999824,180,92,70,71,434,90
2.899999999999982,180,95,71,71,419,92
2.909999999999982,180,97,72,71,420,95
2.9199999999999817,180,98,72,72,419,99
2.9299999999999815,180,100,73,72,425,102
2.9399999999999813,180,101,73,72,442,105
2.949999999999981,180,103,74,72,440,108
2.959999999999981,180,104,74,73,458,110
2.9699999999999807,180,105,75,74,470,112
2.9799999999999804,180,107,76,75,473,114
2.9899999999999802,180,109,77,77,482,116
2.99999999999998,180,110,79,78,480,117
3.00999999999998,180,112,80,80,470,119
3.0199999999999796,180,113,82,82,467,120
3.0299999999999794,180,114,84,84,457,122
3.039999999999979,180,114,85,85,446,122
3.049999999999979,180,114,87,87,436,122
3.0599999999999787,180,114,88,88,445,122
3.0699999999999785,180,114,89,90,458,122
3.0799999999999783,180,114,91,91,484,121
3.089999999999978,180,114,92,92,491,120
3.099999999999978,180,115,92,93,494,119
3.1099999999999777,180,116,93,93,482,118
3.1199999999999775,180,116,93,94,471,118
3.1299999999999772,180,117,94,94,487,118
3.139999999999977,180,117,94,94,479,118
3.149999999999977,180,117,94,94,475,118
3.1599999999999766,180,117,94,94,473,118
3.1699999999999764,180,118,95,94,491,117
3.179999999999976,180,118,95,94,490,117
3.189999999999976,180,118,96,94,488,117
3.1999999999999758,180,119,96,94,492,117
3.2099999999999755,180,119,96,94,479,117
3.2199999999999753,180,119,96,94,477,117
3.229999999999975,180,119,96,94,465,116
3.239999999999975,180,119,96,93,468,116
3.2499999999999747,180,119,96,93,472,116
3.2599999999999745,180,119,96,93,469,115
3.2699999999999743,180,119,96,93,476,115
3.279999999999974,180,119,96,93,478,114
3.289999999999974,180,118,96,94,473,114
3.2999999999999736,180,118,96,94,461,114
3.3099999999999734,180,118,96,94,446,113
3.319999999999973,180,117,96,94,443,113
3.329999999999973,180,116,96,94,445,113
3.3399999999999728,180,115,96,94,453,114
3.3499999999999726,180,115,95,94,478,114
3.3599999999999723,180,115,95,93,490,114
3.369999999999972,180,115,95,93,487,114
3.379999999999972,180,115,94,93,486,114
3.3899999999999717,180,116,94,93,481,114
3.3999999999999715,180,116,94,93,477,114
3.4099999999999713,180,117,94,93,471,115
3.419999999999971,180,117,94,93,458,115
3.429999999999971,180,117,94,93,455,116
3.4399999999999706,180,116,94,93,449,116
3.4499999999999704,180,116,94,94,447,116
3.45999999999997,180,116,94,94,465,116
3.46999999999997,180,115,94,94,482,116
3.47999999999997,180,116,94,95,490,117
3.4899999999999696,180,116,95,95,489,117
3.4999999999999694,180,116,95,96,485,117
3.509999999999969,180,117,96,96,470,117
3.519999999999969,180,117,96,97,475,117
3.5299999999999687,180,118,97,98,471,118
3.5399999999999685,180,118,98,98,468,118
3.5499999999999683,180,118,98,98,468,119
3.559999999999968,180,118,98,98,453,119
3.569999999999968,180,117,98,98,448,119
3.5799999999999677,180,117,98,98,455,119
3.5899999999999674,180,116,98,98,469,118
3.5999999999999672,180,116,98,98,484,118
3.609999999999967,180,116,98,98,475,118
3.619999999999967,180,116,98,98,470,118
3.6299999999999666,180,116,97,98,466,118
3.6399999999999664,180,116,97,98,471,118
3.649999999999966,180,117,97,98,472,118
3.659999999999966,180,117,97,97,477,117
3.6699999999999657,180,117,97,97,479,117
3.6799999999999655,180,117,97,97,463,117
3.6899999999999653,180,117,97,97,454,117
3.699999999999965,180,117,97,96,451,116
3.709999999999965,180,117,97,96,464,116
3.7199999999999647,180,116,97,96,467,116
3.7299999999999645,180,116,97,96,465,116
3.7399999999999642,180,116,97,96,465,115
3.749999999999964,180,116,97,95,461,115
3.759999999999964,180,116,97,95,467,114
3.7699999999999636,180,116,97,95,473,114
3.7799999999999634,180,116,97,95,471,114
3.789999999999963,180,116,97,94,469,114
3.799999999999963,180,116,97,94,454,114
3.8099999999999627,180,116,97,94,458,114
3.8199999999999625,180,115,96,93,461,114
3.8299999999999623,180,115,96,93,469,114
3.839999999999962,180,115,96,93,459,114
3.849999999999962,180,115,95,92,459,115
3.8599999999999617,180,115,94,92,454,115
3.8699999999999615,180,114,94,92,447,115
3.8799999999999613,180,114,93,92,448,115
3.889999999999961,180,114,93,92,447,115
3.899999999999961,180,113,93,92,451,115
3.9099999999999606,180,113,92,92,470,115
3.9199999999999604,180,113,92,92,478,115
3.92999999999996,180,114,93,92,485,115
3.93999999999996,180,114,93,92,483,115
3.9499999999999598,180,115,93,93,476,115
3.9599999999999596,180,115,94,93,466,115
3.9699999999999593,180,116,95,93,455,115
3.979999999999959,180,116,96,93,468,116
3.989999999999959,180,116,96,93,473,116
3.9999999999999587,180,116,97,94,470,116
4.009999999999959,180,116,98,94,462,116
4.019999999999959,180,116,98,95,469,117
4.0299999999999585,180,116,98,95,469,117
4.039999999999958,180,117,98,96,465,117
4.049999999999958,180,117,97,97,446,117
4.059999999999958,180,116,97,97,431,117
4.069999999999958,180,116,97,97,435,117
4.079999999999957,180,115,97,98,449,116
4.089999999999957,180,115,96,98,460,116
4.099999999999957,180,114,96,98,467,116
4.109999999999957,180,114,96,97,468,116
4.119999999999957,180,114,96,97,478,116
4.129999999999956,180,115,96,97,485,116
4.139999999999956,180,115,97,96,488,115
4.149999999999956,180,116,97,96,484,115
4.159999999999956,180,116,97,95,493,115
4.1699999999999555,180,117,97,95,476,116
4.179999999999955,180,118,97,94,469,116
4.189999999999955,180,118,97,94,465,116
4.199999999999955,180,118,97,94,450,117
4.209999999999955,180,117,97,94,459,117
4.2199999999999545,180,117,97,94,467,117
4.229999999999954,180,117,97,94,458,117
4.239999999999954,180,116,97,95,460,117
4.249999999999954,180,116,97,95,464,117
4.259999999999954,180,116,97,95,473,117
4.269999999999953,180,116,96,95,476,117
4.279999999999953,180,116,96,95,486,116
4.289999999999953,180,116,96,95,476,116
4.299999999999953,180,117,95,95,477,116
4.3099999999999525,180,117,95,95,467,116
4.319999999999952,180,117,95,95,462,115
4.329999999999952,180,117,94,95,458,115
4.339999999999952,180,116,94,94,460,115
4.349999999999952,180,116,93,94,465,116
4.3599999999999515,180,116,93,93,458,116
4.369999999999951,180,116,93,93,457,116
4.379999999999951,180,115,92,92,461,116
4.389999999999951,180,115,92,92,463,116
4.399999999999951,180,115,92,92,479,116
4.40999999999995,180,115,92,91,487,116
4.41999999999995,180,116,92,91,481,116
4.42999999999995,180,116,92,91,470,116
4.43999999999995,180,116,93,91,457,116
4.4499999999999496,180,116,93,90,452,116
4.459999999999949,180,116,93,90,456,116
4.469999999999949,180,115,93,90,469,116
4.479999999999949,180,115,94,90,457,117
4.489999999999949,180,115,94,90,451,117
4.4999999999999485,180,114,95,91,447,117
4.509999999999948,180,114,95,92,454,118
4.519999999999948,180,114,95,92,460,118
4.529999999999948,180,113,96,93,460,118
4.539999999999948,180,113,96,94,457,118
4.549999999999947,180,113,95,95,447,118
4.559999999999947,180,113,95,96,436,118
4.569999999999947,180,113,95,97,436,118
4.579999999999947,180,112,95,97,445,118
4.589999999999947,180,112,94,97,463,117
4.599999999999946,180,112,94,97,471,117
4.609999999999946,180,112,93,96,470,118
4.619999999999946,180,112,93,96,460,119
4.629999999999946,180,113,92,95,448,120
4.6399999999999455,180,113,91,93,462,120
4.649999999999945,180,113,90,92,481,121
4.659999999999945,180,114,90,91,506,120
4.669999999999945,180,115,90,91,505,120
4.679999999999945,180,116,90,90,514,120
4.689999999999944,180,118,91,90,505,119
4.699999999999944,180,119,91,90,481,119
4.709999999999944,180,120,92,91,460,119
4.719999999999944,180,120,93,91,445,119
4.729999999999944,180,120,93,92,447,119
4.739999999999943,180,119,93,93,455,119
4.749999999999943,180,119,94,94,462,118
4.759999999999943,180,118,94,94,478,117
4.769999999999943,180,118,94,95,492,117
4.7799999999999425,180,118,94,95,500,116
4.789999999999942,180,118,95,96,509,116
4.799999999999942,180,119,95,96,488,115
4.809999999999942,180,119,96,96,459,115
4.819999999999942,180,119,96,95,446,115
4.8299999999999415,180,118,97,95,437,115
4.839999999999941,220,118,97,95,447,115
4.849999999999941,220,117,97,94,459,114
4.859999999999941,220,117,97,94,492,115
4.869999999999941,220,117,96,94,536,115
4.87999999999994,220,118,96,94,550,116
4.88999999999994,220,120,95,93,539,118
4.89999999999994,220,122,95,93,532,120
4.90999999999994,220,124,95,93,535,122
4.9199999999999395,220,125,95,94,523,124
4.929999999999939,220,126,95,94,511,126
4.939999999999939,220,127,95,94,514,128
4.949999999999939,220,128,96,94,525,130
4.959999999999939,220,129,97,94,532,132
4.9699999999999385,220,130,97,94,540,133
4.979999999999938,220,131,98,95,555,135
4.989999999999938,220,131,100,96,539,136
4.999999999999938,220,132,101,97,544,137
5.009999999999938,220,133,103,98,542,138
5.019999999999937,220,133,104,99,517,139
5.029999999999937,220,133,105,101,518,139
5.039999999999937,220,133,106,102,523,139
5.049999999999937,220,133,107,103,520,139
5.0599999999999365,220,132,107,104,523,139
5.069999999999936,220,132,107,105,566,138
5.079999999999936,220,133,107,105,573,138
5.089999999999936,220,134,107,105,630,137
5.099999999999936,220,135,107,106,623,137
5.1099999999999355,220,138,107,106,613,137
5.119999999999935,220,139,107,106,583,137
5.129999999999935,220,141,108,106,551,138
5.139999999999935,220,141,108,106,543,138
5.149999999999935,220,141,109,106,535,138
5.159999999999934,220,141,110,106,550,138
5.169999999999934,220,141,110,106,550,137
5.179999999999934,220,140,111,107,548,137
5.189999999999934,220,140,112,107,564,136
5.199999999999934,220,140,112,108,562,136
5.209999999999933,220,139,113,109,569,136
5.219999999999933,220,139,113,110,568,136
5.229999999999933,220,139,114,111,555,137
5.239999999999933,220,139,114,112,565,137
5.2499999999999325,220,139,115,113,550,137
5.259999999999932,220,138,115,114,564,137
5.269999999999932,220,138,115,114,566,138
5.279999999999932,220,138,115,115,558,138
5.289999999999932,220,138,115,116,567,138
5.299999999999931,220,138,115,116,566,138
5.309999999999931,220,138,115,116,578,139
5.319999999999931,220,139,115,116,577,139
5.329999999999931,220,139,115,116,560,140
5.339999999999931,220,139,115,116,568,140
5.34999999999993,220,139,115,116,557,140
5.35999999999993,220,140,115,116,566,141
5.36999999999993,220,140,115,116,571,141
5.37999999999993,220,140,115,116,580,141
5.3899999999999295,220,140,115,116,591,142
5.399999999999929,220,141,116,116,584,142
5.409999999999929,220,141,116,116,583,142
5.419999999999929,220,142,117,116,570,143
5.429999999999929,220,142,117,116,560,143
5.4399999999999284,220,142,117,116,553,143
5.449999999999928,220,141,117,115,538,143
5.459999999999928,220,141,117,115,554,143
5.469999999999928,220,140,117,115,556,143
5.479999999999928,220,140,117,114,561,143
5.489999999999927,220,140,117,114,568,143
5.499999999999927,220,139,116,113,570,143
5.509999999999927,220,140,116,113,591,143
5.519999999999927,220,140,116,113,583,142
5.5299999999999265,220,141,116,113,595,142
5.539999999999926,220,142,115,113,586,142
5.549999999999926,220,142,115,113,576,142
5.559999999999926,220,143,115,113,580,142
5.569999999999926,220,143,115,112,571,143
5.5799999999999255,220,143,115,112,584,143
5.589999999999925,220,143,115,112,577,142
5.599999999999925,220,144,115,112,591,142
5.609999999999925,220,144,115,112,580,142
5.619999999999925,220,144,116,112,583,141
5.629999999999924,220,145,116,112,562,141
5.639999999999924,220,144,117,112,554,141
5.649999999999924,220,144,117,113,558,141
5.659999999999924,220,143,117,113,541,141
5.6699999999999235,220,143,117,113,544,141
5.679999999999923,220,142,117,114,552,141
5.689999999999923,220,141,117,114,559,140
5.699999999999923,220,140,117,114,574,140
5.709999999999923,220,140,116,114,575,140
5.7199999999999225,220,140,116,114,584,140
5.729999999999922,220,141,116,114,577,140
5.739999999999922,220,141,116,114,571,140
5.749999999999922,220,141,116,114,566,140
5.759999999999922,220,141,116,115,520,141
5.769999999999921,220,141,116,115,516,141
5.779999999999921,220,140,116,114,524,141
5.789999999999921,220,139,116,114,546,140
5.799999999999921,220,138,116,114,557,141
5.809999999999921,220,138,116,113,578,141
5.81999999999992,220,138,116,113,580,141
5.82999999999992,220,139,117,113,595,141
5.83999999999992,220,139,117,113,587,141
5.84999999999992,220,140,118,113,591,141
5.8599999999999195,220,141,118,113,554,141
5.869999999999919,220,141,119,113,555,141
5.879999999999919,220,141,119,114,545,142
5.889999999999919,220,141,119,114,543,142
5.899999999999919,220,140,119,114,559,143
5.909999999999918,220,140,118,115,574,143
5.919999999999918,220,140,118,115,580,143
5.929999999999918,220,141,117,115,581,143
5.939999999999918,220,141,116,115,574,144
5.949999999999918,220,142,116,115,592,143
5.959999999999917,220,142,115,115,595,143
5.969999999999917,220,143,115,115,596,143
5.979999999999917,220,144,115,115,574,143
5.989999999999917,220,144,115,114,565,143
5.9999999999999165,220,144,115,113,554,142
6.009999999999916,220,143,115,113,549,142
6.019999999999916,220,143,115,112,577,141
6.029999999999916,220,143,115,111,561,140
6.039999999999916,220,142,115,110,562,140
6.0499999999999154,220,142,116,110,555,140
6.059999999999915,220,141,116,109,552,141
6.069999999999915,220,141,116,109,566,141
6.079999999999915,220,140,115,108,548,142
6.089999999999915,220,140,115,108,535,143
6.099999999999914,220,139,113,107,531,144
6.109999999999914,220,138,112,106,530,144
6.119999999999914,220,138,110,106,580,144
6.129999999999914,220,138,109,105,593,143
6.1399999999999135,220,138,107,106,622,143
6.149999999999913,220,139,107,106,610,143
6.159999999999913,220,140,107,107,586,143
6.169999999999913,220,141,107,108,563,144
6.179999999999913,220,141,108,109,547,145
6.1899999999999125,220,141,109,110,539,146
6.199999999999912,220,141,109,111,521,147
6.209999999999912,220,140,109,111,520,148
6.219999999999912,220,139,108,112,555,148
6.229999999999912,220,138,108,112,566,148
6.239999999999911,220,138,107,113,573,148
6.249999999999911,220,138,107,113,570,147
6.259999999999911,220,138,107,113,556,146
6.269999999999911,220,138,107,114,564,146
6.2799999999999105,220,138,108,114,558,145
6.28999999999991,220,138,109,114,557,145
6.29999999999991,220,138,110,114,559,145
6.30999999999991,220,138,111,114,546,144
6.31999999999991,220,138,111,113,550,143
6.3299999999999095,220,137,112,113,553,143
6.339999999999909,220,137,112,113,566,142
6.349999999999909,220,138,112,113,591,141
6.359999999999909,220,138,112,113,587,140
6.369999999999909,220,139,112,112,602,140
6.379999999999908,220,140,112,112,584,139
6.389999999999908,220,141,112,112,562,139
6.399999999999908,220,141,112,112,556,139
6.409999999999908,220,141,112,112,576,139
6.419999999999908,220,142,112,112,587,138
6.429999999999907,220,142,112,112,567,138
6.439999999999907,220,142,112,112,561,137
6.449999999999907,220,142,112,112,529,137
6.459999999999907,220,141,112,111,500,137
6.4699999999999065,220,139,112,111,528,137
6.479999999999906,220,138,111,111,547,137
6.489999999999906,220,137,111,111,570,136
6.499999999999906,220,137,111,111,603,136
6.509999999999906,220,138,111,111,610,137
6.519999999999905,220,139,111,111,622,137
6.529999999999905,220,141,110,111,603,139
6.539999999999905,220,142,111,111,605,140
6.549999999999905,220,143,111,110,556,142
6.559999999999905,220,144,111,110,554,143
6.569999999999904,220,144,111,110,554,144
6.579999999999904,220,144,111,109,554,145
6.589999999999904,220,143,111,109,549,145
6.599999999999904,220,143,111,109,545,145
6.6099999999999035,220,142,111,108,545,144
6.619999999999903,220,141,111,108,568,144
6.629999999999903,220,141,110,109,564,143
6.639999999999903,220,141,111,109,583,143
6.649999999999903,220,141,111,110,574,143
6.659999999999902,220,141,111,110,580,143
6.669999999999902,220,142,112,111,562,143
6.679999999999902,220,141,113,112,546,143
6.689999999999902,220,141,114,112,548,143
6.699999999999902,220,141,114,112,552,143
6.709999999999901,220,140,115,113,554,142
6.719999999999901,220,140,115,113,579,142
6.729999999999901,220,140,115,113,579,142
6.739999999999901,220,141,116,113,597,142
6.7499999999999005,220,141,116,113,586,143
6.7599999999999,220,142,117,113,591,143
6.7699999999999,220,142,117,114,571,143
6.7799999999999,220,143,117,114,566,143
6.7899999999999,220,143,117,114,559,142
6.7999999999998995,220,143,117,114,552,142
6.809999999999899,220,143,117,115,566,141
6.819999999999899,220,142,117,115,567,141
6.829999999999899,220,142,117,115,578,140
6.839999999999899,260,142,116,116,566,140
6.849999999999898,260,142,116,116,560,139
6.859999999999898,260,142,116,116,607,140
6.869999999999898,260,143,116,116,623,140
6.879999999999898,260,144,116,116,606,141
6.8899999999998975,260,145,117,115,618,143
6.899999999999897,260,147,117,115,608,144
6.909999999999897,260,148,117,115,615,146
6.919999999999897,260,148,117,115,606,148
6.929999999999897,260,149,117,115,624,149
6.9399999999998965,260,150,117,115,622,150
6.949999999999896,260,151,118,115,647,152
6.959999999999896,260,152,118,116,641,153
6.969999999999896,260,153,119,116,625,154
6.979999999999896,260,154,120,117,643,155
6.989999999999895,260,155,120,118,624,156
6.999999999999895,260,155,121,118,636,157
7.009999999999895,260,156,122,119,625,158
7.019999999999895,260,156,123,120,634,159
7.0299999999998946,260,156,124,121,654,160
7.039999999999894,260,157,125,122,653,161
7.049999999999894,260,158,126,122,676,162
7.059999999999894,260,159,127,123,667,162
7.069999999999894,260,159,128,124,650,163
7.0799999999998935,260,160,129,125,654,163
7.089999999999893,260,160,130,125,636,164
7.099999999999893,260,160,131,125,658,164
7.109999999999893,260,161,132,126,670,165
7.119999999999893,260,161,133,126,664,165
7.129999999999892,260,162,133,127,690,165
7.139999999999892,260,163,134,127,691,165
7.149999999999892,260,163,135,128,676,165
7.159999999999892,260,164,135,129,670,165
7.169999999999892,260,164,136,130,650,165
7.179999999999891,260,165,136,131,644,165
7.189999999999891,260,165,136,132,675,165
7.199999999999891,260,165,135,132,670,164
7.209999999999891,260,165,135,133,666,164
7.2199999999998905,260,165,134,133,692,164
7.22999999999989,260,166,134,134,693,164
7.23999999999989,260,166,133,134,684,164
7.24999999999989,260,167,133,135,684,164
7.25999999999989,260,167,133,135,668,165
7.269999999999889,260,167,133,135,658,165
7.279999999999889,260,168,134,136,682,165
7.289999999999889,260,167,134,136,667,166
7.299999999999889,260,167,134,136,660,166
7.309999999999889,260,167,135,136,663,166
7.319999999999888,260,167,135,136,660,165
7.329999999999888,260,166,136,136,674,165
7.339999999999888,260,166,136,136,680,165
7.349999999999888,260,166,136,136,653,165
7.3599999999998875,260,166,136,136,664,165
7.369999999999887,260,166,136,135,677,166
7.379999999999887,260,166,137,135,684,166
7.389999999999887,260,167,137,135,682,167
7.399999999999887,260,167,137,135,695,167
7.4099999999998865,260,168,137,135,665,167
7.419999999999886,260,168,137,134,651,168
7.429999999999886,260,168,137,134,663,168
7.439999999999886,260,168,137,134,661,168
7.449999999999886,260,168,137,134,658,169
7.459999999999885,260,168,137,134,668,169
7.469999999999885,260,167,137,134,660,170
7.479999999999885,260,167,137,134,662,170
7.489999999999885,260,167,137,134,674,170
7.4999999999998845,260,167,137,134,647,170
7.509999999999884,260,167,137,134,659,170
7.519999999999884,260,167,137,134,673,169
7.529999999999884,260,167,136,133,671,169
7.539999999999884,260,167,136,133,673,169
7.5499999999998835,260,167,136,133,670,169
7.559999999999883,260,168,136,132,649,168
7.569999999999883,260,168,135,132,658,167
7.579999999999883,260,167,135,132,663,167
7.589999999999883,260,167,134,132,650,166
7.599999999999882,260,167,134,132,654,165
7.609999999999882,260,167,134,132,653,165
7.619999999999882,260,167,133,131,663,165
7.629999999999882,260,166,133,131,683,165
7.6399999999998816,260,166,133,131,679,165
7.649999999999881,260,166,133,131,663,165
7.659999999999881,260,166,134,131,653,165
7.669999999999881,260,166,134,131,646,165
7.679999999999881,260,166,134,131,648,165
7.6899999999998805,260,165,134,131,643,164
7.69999999999988,260,165,134,131,627,164
7.70999999999988,260,164,134,131,632,164
7.71999999999988,260,163,134,131,639,163
7.72999999999988,260,163,134,132,644,163
7.739999999999879,260,162,134,132,672,163
7.749999999999879,260,162,133,132,655,163
7.759999999999879,260,162,133,132,662,164
7.769999999999879,260,163,134,133,667,164
7.779999999999879,260,163,134,133,641,164
7.789999999999878,260,163,134,133,633,165
7.799999999999878,260,162,134,133,619,165
7.809999999999878,260,162,134,133,626,166
7.819999999999878,260,161,134,133,653,165
7.8299999999998775,260,160,134,133,641,165
7.839999999999877,260,160,133,133,662,165
7.849999999999877,260,160,133,133,695,165
7.859999999999877,260,161,132,132,694,164
7.869999999999877,260,162,132,132,714,164
7.879999999999876,260,163,132,132,685,164
7.889999999999876,260,164,132,131,661,164
7.899999999999876,260,165,132,131,637,164
7.909999999999876,260,165,133,130,648,164
7.919999999999876,260,164,133,129,637,164
7.929999999999875,260,164,134,129,665,163
7.939999999999875,260,164,134,128,675,163
7.949999999999875,260,164,134,128,669,163
7.959999999999875,260,164,133,128,675,164
7.9699999999998745,260,164,133,128,673,164
7.979999999999874,260,164,133,128,664,164
7.989999999999874,260,164,133,129,677,164
7.999999999999874,260,165,133,129,668,163
8.009999999999874,260,165,133,129,662,163
8.019999999999873,260,165,134,129,660,163
8.029999999999873,260,164,134,129,642,162
8.039999999999873,260,164,134,129,652,162
8.049999999999873,260,163,135,129,647,162
8.059999999999873,260,163,135,129,647,161
8.069999999999872,260,163,134,129,656,161
8.079999999999872,260,162,134,129,651,161
8.089999999999872,260,162,133,129,665,161
8.099999999999872,260,162,132,129,676,162
8.109999999999872,260,162,132,130,660,162
8.119999999999871,260,162,132,130,664,162
8.129999999999871,260,162,131,131,643,163
8.139999999999871,260,162,131,132,640,163
8.14999999999987,260,162,131,132,648,163
8.15999999999987,260,162,131,133,649,163
8.16999999999987,260,162,131,133,673,163
8.17999999999987,260,162,131,133,681,163
8.18999999999987,260,163,132,132,677,164
8.19999999999987,260,164,133,132,683,165
8.20999999999987,260,164,134,132,687,165
8.21999999999987,260,165,135,131,668,166
8.229999999999869,260,165,136,131,675,166
8.239999999999869,260,166,136,131,663,166
8.249999999999869,260,166,137,130,655,166
8.259999999999868,260,166,137,130,675,165
8.269999999999868,260,166,137,130,683,164
8.279999999999868,260,167,137,130,670,163
8.289999999999868,260,167,136,130,665,163
8.299999999999867,260,167,136,130,681,162
8.309999999999867,260,168,136,130,676,163
8.319999999999867,260,168,135,130,666,163
8.329999999999867,260,168,135,130,672,163
8.339999999999867,260,168,135,130,660,164
8.349999999999866,260,168,135,131,666,164
8.359999999999866,260,168,135,131,675,165
8.369999999999866,260,168,135,130,665,166
8.379999999999866,260,168,135,130,640,167
8.389999999999866,260,168,135,130,648,167
8.399999999999865,260,167,134,130,636,167
8.409999999999865,260,166,134,130,648,168
8.419999999999865,260,166,133,129,647,168
8.429999999999865,260,165,133,129,662,168
8.439999999999864,260,165,133,129,680,168
8.449999999999864,260,165,133,129,670,168
8.459999999999864,260,165,133,129,648,168
8.469999999999864,260,165,132,130,654,169
8.479999999999864,260,165,132,130,611,169
8.489999999999863,260,164,131,130,626,169
8.499999999999863,260,163,131,130,623,169
8.509999999999863,260,163,130,130,640,169
8.519999999999863,260,162,129,129,657,168
8.529999999999863,260,162,129,129,673,168
8.539999999999862,260,162,129,129,689,167
8.549999999999862,260,163,129,129,686,167
8.559999999999862,260,164,130,129,666,166
8.569999999999862,260,164,131,129,671,166
8.579999999999862,260,165,131,129,660,165
8.589999999999861,260,165,132,130,641,165
8.599999999999861,260,165,132,130,649,164
8.60999999999986,260,165,133,130,646,163
8.61999999999986,260,164,133,131,647,163
8.62999999999986,260,164,133,132,656,162
8.63999999999986,260,164,134,133,645,162
8.64999999999986,260,163,134,133,670,162
8.65999999999986,260,163,134,134,678,162
8.66999999999986,260,163,134,135,668,162
8.67999999999986,260,164,134,136,656,163
8.68999999999986,260,164,134,136,662,163
8.699999999999859,260,164,134,137,651,163
8.709999999999859,260,164,134,137,660,163
8.719999999999859,260,164,134,137,678,163
8.729999999999858,260,164,134,137,663,163
8.739999999999858,260,164,134,136,671,163
8.749999999999858,260,164,133,136,667,163
8.759999999999858,260,164,133,135,640,163
8.769999999999857,260,164,133,134,647,163
8.779999999999857,260,163,133,132,624,163
8.789999999999857,260,163,133,131,638,163
8.799999999999857,260,162,132,130,655,163
8.809999999999857,260,161,132,129,647,163
8.819999999999856,260,161,132,129,676,163
8.829999999999856,260,161,131,128,678,163
