t,i1,i2,i3,i4,i5,i6
0.0,180,0,0,0,0,9000
0.01,180,0,0,0,0,9000
0.02,180,0,0,0,0,9000
0.03,180,0,0,0,0,9000
0.04,180,0,0,0,0,8986
0.05,180,0,1,1,1,8955
0.060000000000000005,180,1,2,2,1,8905
0.07,180,3,4,3,3,8838
0.08,180,4,5,5,5,8755
0.09,180,6,8,8,7,8657
0.09999999999999999,180,9,10,12,10,8546
0.10999999999999999,180,11,13,16,13,8424
0.11999999999999998,180,14,15,20,17,8293
0.12999999999999998,180,16,18,25,21,8153
0.13999999999999999,180,19,22,30,25,8001
0.15,180,23,25,36,30,7839
0.16,180,26,28,42,35,7667
0.17,180,30,32,48,40,7484
0.18000000000000002,180,34,36,54,45,7291
0.19000000000000003,180,38,40,61,51,7087
0.20000000000000004,180,42,44,67,56,6873
0.21000000000000005,180,47,49,73,61,6649
0.22000000000000006,180,51,53,80,67,6416
0.23000000000000007,220,56,58,86,72,8174
0.24000000000000007,220,61,63,92,78,7925
0.25000000000000006,220,66,68,98,83,7670
0.26000000000000006,220,71,73,104,89,7409
0.2700000000000001,220,77,79,109,94,7145
0.2800000000000001,220,82,84,115,99,6876
0.2900000000000001,220,87,89,120,104,6604
0.3000000000000001,220,93,95,125,109,6331
0.3100000000000001,220,98,100,130,115,6057
0.3200000000000001,220,104,106,135,119,5785
0.3300000000000001,220,109,111,140,124,5516
0.34000000000000014,220,114,116,144,129,5252
0.35000000000000014,220,120,122,148,134,4992
0.36000000000000015,220,125,127,152,138,4739
0.37000000000000016,220,130,131,156,142,4494
0.38000000000000017,220,134,136,160,146,4257
0.3900000000000002,220,139,141,163,150,4030
0.4000000000000002,220,143,145,166,154,3814
0.4100000000000002,220,147,149,169,157,3609
0.4200000000000002,220,151,153,172,161,3416
0.4300000000000002,220,155,156,174,164,3234
0.4400000000000002,220,158,160,176,167,3063
0.45000000000000023,220,161,163,178,169,2903
0.46000000000000024,220,164,166,180,172,2755
0.47000000000000025,220,167,169,182,174,2618
0.48000000000000026,220,170,171,183,176,2492
0.49000000000000027,220,172,173,184,177,2377
0.5000000000000002,220,174,176,185,179,2273
0.5100000000000002,220,176,178,186,180,2180
0.5200000000000002,220,178,179,187,181,2096
0.5300000000000002,220,179,181,187,182,2023
0.5400000000000003,220,180,182,188,183,1958
0.5500000000000003,220,181,184,188,184,1902
0.5600000000000003,220,182,185,188,184,1855
0.5700000000000003,220,183,185,188,185,1816
0.5800000000000003,220,184,186,188,185,1784
0.5900000000000003,220,184,186,188,185,1761
0.6000000000000003,220,185,187,187,185,1746
0.6100000000000003,220,185,187,187,185,1738
0.6200000000000003,220,185,187,186,184,1737
0.6300000000000003,220,185,186,186,184,1744
0.6400000000000003,220,184,186,185,184,1758
0.6500000000000004,220,184,185,184,183,1778
0.6600000000000004,220,183,184,183,183,1805
0.6700000000000004,220,183,184,182,182,1838
0.6800000000000004,220,182,182,181,181,1877
0.6900000000000004,220,181,181,180,180,1922
0.7000000000000004,220,180,180,179,180,1971
0.7100000000000004,220,179,179,178,179,2024
0.7200000000000004,220,178,178,177,178,2082
0.7300000000000004,220,177,176,176,177,2142
0.7400000000000004,220,175,175,175,176,2206
0.7500000000000004,220,174,174,173,175,2270
0.7600000000000005,220,173,172,172,174,2336
0.7700000000000005,220,171,171,171,173,2403
0.7800000000000005,220,170,170,170,172,2469
0.7900000000000005,220,169,168,168,171,2536
0.8000000000000005,220,167,167,167,170,2602
0.8100000000000005,220,166,166,166,168,2668
0.8200000000000005,220,165,165,165,167,2733
0.8300000000000005,220,164,164,164,166,2798
0.8400000000000005,220,162,163,163,165,2863
0.8500000000000005,220,161,162,162,164,2926
0.8600000000000005,220,160,161,161,163,2988
0.8700000000000006,220,159,160,160,162,3047
0.8800000000000006,220,157,159,159,160,3103
0.8900000000000006,220,156,158,158,159,3157
0.9000000000000006,220,155,157,157,158,3208
0.9100000000000006,220,154,156,157,157,3257
0.9200000000000006,220,153,156,156,156,3302
0.9300000000000006,220,153,155,155,155,3343
0.9400000000000006,220,152,154,155,154,3382
0.9500000000000006,220,151,154,154,153,3417
0.9600000000000006,220,151,153,154,152,3449
0.9700000000000006,220,150,152,153,151,3478
0.9800000000000006,220,149,152,153,150,3504
0.9900000000000007,220,149,151,153,149,3529
1.0000000000000007,220,148,151,152,149,3550
1.0100000000000007,220,148,151,152,148,3570
1.0200000000000007,220,148,150,152,148,3586
1.0300000000000007,220,148,150,152,148,3599
1.0400000000000007,220,147,150,152,147,3609
1.0500000000000007,220,147,150,152,147,3616
1.0600000000000007,220,147,150,152,147,3619
1.0700000000000007,220,147,150,152,147,3617
1.0800000000000007,220,147,150,152,147,3612
1.0900000000000007,220,147,150,152,148,3603
1.1000000000000008,220,148,150,152,148,3591
1.1100000000000008,220,148,150,152,148,3578
1.1200000000000008,220,148,151,152,148,3562
1.1300000000000008,220,149,151,153,149,3545
1.1400000000000008,220,149,151,153,149,3528
1.1500000000000008,220,149,151,153,149,3510
1.1600000000000008,220,150,151,153,150,3491
1.1700000000000008,220,150,152,154,150,3472
1.1800000000000008,220,150,152,154,151,3453
1.1900000000000008,220,151,152,154,151,3433
1.2000000000000008,220,151,152,155,152,3413
1.2100000000000009,220,152,153,155,152,3390
1.2200000000000009,220,152,153,155,153,3367
1.2300000000000009,220,153,153,155,153,3341
1.2400000000000009,220,153,154,156,154,3312
1.2500000000000009,220,154,154,156,154,3283
1.260000000000001,220,154,155,156,155,3251
1.270000000000001,220,155,155,157,155,3219
1.280000000000001,220,156,156,157,155,3186
1.290000000000001,220,156,156,157,156,3152
1.300000000000001,220,157,157,158,156,3118
1.310000000000001,220,158,157,158,157,3085
1.320000000000001,220,158,158,159,157,3053
1.330000000000001,220,159,158,159,158,3024
1.340000000000001,220,160,159,159,158,2998
1.350000000000001,220,160,159,160,159,2975
1.360000000000001,220,160,160,160,159,2955
1.370000000000001,220,161,160,160,160,2938
1.380000000000001,220,161,161,161,160,2924
1.390000000000001,220,161,161,161,160,2911
1.400000000000001,220,161,162,161,161,2900
1.410000000000001,220,162,162,162,161,2890
1.420000000000001,220,162,163,162,161,2881
1.430000000000001,220,162,163,162,162,2872
1.440000000000001,220,162,163,163,162,2864
1.450000000000001,220,162,163,163,162,2856
1.460000000000001,220,163,163,163,162,2849
1.470000000000001,220,163,163,163,163,2842
1.480000000000001,220,163,163,163,163,2838
1.490000000000001,220,163,163,164,163,2834
1.500000000000001,220,163,162,164,163,2832
1.5100000000000011,220,163,162,164,163,2830
1.5200000000000011,220,163,162,164,163,2830
1.5300000000000011,220,163,162,163,163,2831
1.5400000000000011,220,163,162,163,163,2833
1.5500000000000012,220,163,161,163,163,2835
1.5600000000000012,220,163,161,163,163,2839
1.5700000000000012,220,163,161,163,162,2845
1.5800000000000012,220,162,161,162,162,2851
1.5900000000000012,220,162,161,162,162,2859
1.6000000000000012,220,162,161,162,162,2868
1.6100000000000012,220,162,161,162,162,2878
1.6200000000000012,220,162,161,161,162,2889
1.6300000000000012,220,161,161,161,162,2900
1.6400000000000012,220,161,161,161,162,2911
1.6500000000000012,220,161,161,161,161,2922
1.6600000000000013,220,161,161,160,161,2932
1.6700000000000013,220,161,161,160,161,2941
1.6800000000000013,220,161,160,160,160,2949
1.6900000000000013,220,160,160,159,160,2956
1.7000000000000013,220,160,160,159,160,2962
1.7100000000000013,220,160,160,159,159,2967
1.7200000000000013,220,160,160,159,159,2971
1.7300000000000013,220,160,160,158,159,2975
1.7400000000000013,220,160,160,158,159,2980
1.7500000000000013,220,160,160,158,158,2986
1.7600000000000013,220,160,160,158,158,2993
1.7700000000000014,220,159,160,158,158,3001
1.7800000000000014,220,159,160,157,158,3011
1.7900000000000014,220,159,159,157,158,3021
1.8000000000000014,220,159,159,157,158,3033
1.8100000000000014,220,159,159,157,158,3045
1.8200000000000014,220,158,159,157,158,3058
1.8300000000000014,220,158,158,156,158,3070
1.8400000000000014,220,158,158,156,158,3082
1.8500000000000014,220,158,158,156,158,3094
1.8600000000000014,220,157,158,156,158,3105
1.8700000000000014,220,157,158,156,158,3115
1.8800000000000014,220,157,158,156,158,3125
1.8900000000000015,220,157,158,156,158,3134
1.9000000000000015,220,157,158,155,158,3144
1.9100000000000015,220,156,158,155,158,3153
1.9200000000000015,220,156,158,155,158,3162
1.9300000000000015,220,156,158,155,158,3171
1.9400000000000015,220,156,158,155,158,3179
1.9500000000000015,220,156,158,155,158,3186
1.9600000000000015,220,156,158,155,158,3192
1.9700000000000015,220,156,158,155,158,3195
1.9800000000000015,220,156,158,155,158,3197
1.9900000000000015,220,156,158,155,158,3197
2.0000000000000013,220,156,158,156,158,3195
2.010000000000001,220,156,158,156,158,3193
2.020000000000001,220,156,158,156,158,3190
2.0300000000000007,220,156,158,156,158,3186
2.0400000000000005,220,156,158,156,158,3182
2.0500000000000003,220,156,158,156,157,3178
2.06,220,156,158,156,157,3174
2.07,220,156,158,157,157,3170
2.0799999999999996,220,156,158,157,157,3166
2.0899999999999994,220,156,158,157,157,3162
2.099999999999999,220,156,158,157,157,3157
2.109999999999999,220,156,158,157,157,3152
2.1199999999999988,220,157,158,157,157,3146
2.1299999999999986,220,157,158,157,157,3139
2.1399999999999983,220,157,158,158,157,3132
2.149999999999998,220,157,158,158,157,3125
2.159999999999998,220,157,158,158,157,3118
2.1699999999999977,220,157,158,158,157,3111
2.1799999999999975,220,157,158,158,157,3105
2.1899999999999973,220,157,158,158,157,3100
2.199999999999997,220,158,158,158,157,3095
2.209999999999997,220,158,159,158,157,3090
2.2199999999999966,220,158,159,159,157,3085
2.2299999999999964,220,158,159,159,158,3081
2.239999999999996,220,158,159,159,158,3077
2.249999999999996,260,158,159,159,158,5073
2.259999999999996,260,158,159,159,158,5070
2.2699999999999956,260,158,159,160,158,5067
2.2799999999999954,260,158,159,160,158,5062
2.289999999999995,260,158,159,160,158,5056
2.299999999999995,260,159,160,160,159,5048
2.3099999999999947,260,159,160,160,159,5038
2.3199999999999945,260,159,160,161,159,5025
2.3299999999999943,260,159,160,161,159,5009
2.339999999999994,260,160,161,161,160,4992
2.349999999999994,260,160,161,162,160,4972
2.3599999999999937,260,160,161,162,161,4951
2.3699999999999934,260,161,162,163,161,4926
2.3799999999999932,260,162,162,163,162,4899
2.389999999999993,260,162,163,164,162,4869
2.399999999999993,260,163,163,164,163,4836
2.4099999999999926,260,163,164,165,163,4800
2.4199999999999924,260,164,165,166,164,4761
2.429999999999992,260,165,165,166,165,4720
2.439999999999992,260,166,166,167,165,4678
2.4499999999999917,260,167,167,168,166,4635
2.4599999999999915,260,168,168,169,167,4591
2.4699999999999913,260,169,168,170,167,4547
2.479999999999991,260,169,169,170,168,4502
2.489999999999991,260,170,170,171,169,4458
2.4999999999999907,260,171,171,172,170,4415
2.5099999999999905,260,172,172,173,171,4373
2.5199999999999902,260,173,173,174,172,4332
2.52999999999999,260,174,174,175,173,4291
2.53999999999999,260,174,174,176,174,4251
2.5499999999999896,260,175,175,176,175,4210
2.5599999999999894,260,176,176,177,175,4168
2.569999999999989,260,177,177,178,176,4127
2.579999999999989,260,178,177,179,177,4085
2.5899999999999888,260,179,178,180,178,4043
2.5999999999999885,260,179,179,180,179,4003
2.6099999999999883,260,180,180,181,180,3964
2.619999999999988,260,181,180,182,180,3927
2.629999999999988,260,182,181,183,181,3891
2.6399999999999877,260,182,182,183,182,3857
2.6499999999999875,260,183,182,184,183,3825
2.6599999999999873,260,184,183,184,183,3794
2.669999999999987,260,184,184,185,184,3765
2.679999999999987,260,185,184,185,184,3736
2.6899999999999866,260,185,185,186,185,3709
2.6999999999999864,260,186,185,186,185,3683
2.709999999999986,260,186,186,187,186,3659
2.719999999999986,260,187,186,187,186,3636
2.7299999999999858,260,187,187,187,186,3616
2.7399999999999856,260,188,187,187,187,3598
2.7499999999999853,260,188,187,187,187,3584
2.759999999999985,260,188,188,187,187,3572
2.769999999999985,260,188,188,187,187,3564
2.7799999999999847,260,188,188,187,187,3557
2.7899999999999845,260,188,188,187,188,3554
2.7999999999999843,260,188,188,187,188,3552
2.809999999999984,260,188,188,187,188,3552
2.819999999999984,260,188,188,187,188,3554
2.8299999999999836,260,188,188,187,188,3556
2.8399999999999834,260,188,188,187,188,3560
2.849999999999983,260,188,188,187,187,3565
2.859999999999983,260,188,188,186,187,3571
2.869999999999983,260,188,188,186,187,3580
2.8799999999999826,260,188,188,186,187,3589
2.8899999999999824,260,187,188,186,187,3600
2.899999999999982,260,187,188,186,187,3612
2.909999999999982,260,187,188,186,187,3624
2.9199999999999817,260,187,188,186,187,3637
2.9299999999999815,260,186,187,185,187,3650
2.9399999999999813,260,186,187,185,186,3662
2.949999999999981,260,186,187,185,186,3673
2.959999999999981,260,186,187,185,186,3684
2.9699999999999807,260,186,187,185,186,3693
2.9799999999999804,260,185,187,185,185,3702
2.9899999999999802,260,185,187,185,185,3710
2.99999999999998,260,185,186,184,185,3717
3.00999999999998,260,185,186,184,185,3725
3.0199999999999796,260,185,186,184,184,3734
3.0299999999999794,260,185,186,184,184,3742
3.039999999999979,260,184,186,184,184,3751
3.049999999999979,260,184,186,184,184,3759
3.0599999999999787,260,184,186,184,183,3768
3.0699999999999785,260,184,186,184,183,3776
3.0799999999999783,260,184,186,184,183,3783
3.089999999999978,260,184,185,184,183,3790
3.099999999999978,260,184,185,184,183,3796
3.1099999999999777,260,183,185,184,182,3802
3.1199999999999775,260,183,185,184,182,3808
3.1299999999999772,260,183,185,184,182,3815
3.139999999999977,260,183,184,184,182,3821
3.149999999999977,260,183,184,184,181,3829
3.1599999999999766,260,183,184,184,181,3837
3.1699999999999764,260,183,184,184,181,3846
3.179999999999976,260,182,183,184,181,3855
3.189999999999976,260,182,183,184,181,3864
3.1999999999999758,260,182,183,184,181,3872
3.2099999999999755,260,182,183,184,181,3879
3.2199999999999753,260,182,182,184,181,3885
3.229999999999975,260,182,182,184,181,3889
3.239999999999975,260,182,182,184,181,3892
3.2499999999999747,260,182,182,184,181,3893
3.2599999999999745,260,182,182,184,181,3893
3.2699999999999743,260,182,182,184,181,3892
3.279999999999974,260,182,182,184,181,3890
3.289999999999974,260,182,182,183,181,3888
3.2999999999999736,260,182,182,183,181,3886
3.3099999999999734,260,182,182,183,181,3883
3.319999999999973,260,182,182,183,181,3880
3.329999999999973,260,182,182,183,181,3877
3.3399999999999728,260,182,182,183,181,3874
3.3499999999999726,260,182,182,183,181,3870
3.3599999999999723,260,182,182,183,181,3866
3.369999999999972,260,182,182,183,181,3862
3.379999999999972,260,182,182,183,181,3859
3.3899999999999717,260,182,182,183,181,3856
3.3999999999999715,260,182,182,183,181,3855
3.4099999999999713,260,182,182,182,181,3854
3.419999999999971,260,182,182,182,181,3855
3.429999999999971,260,182,182,182,181,3857
3.4399999999999706,260,182,182,182,181,3861
3.4499999999999704,260,182,182,182,181,3865
3.45999999999997,260,182,182,182,181,3870
3.46999999999997,260,182,182,182,181,3875
3.47999999999997,260,182,182,182,181,3880
3.4899999999999696,260,182,182,182,181,3884
3.4999999999999694,260,182,183,182,181,3888
3.509999999999969,260,182,183,182,181,3892
3.519999999999969,260,182,183,181,181,3894
3.5299999999999687,260,182,183,181,181,3895
3.5399999999999685,260,182,183,181,181,3896
3.5499999999999683,260,182,183,181,181,3897
3.559999999999968,260,182,183,182,181,3898
3.569999999999968,260,182,182,182,181,3899
3.5799999999999677,260,181,182,182,181,3901
3.5899999999999674,260,181,182,182,181,3903
3.5999999999999672,260,181,182,182,181,3905
3.609999999999967,260,181,182,182,181,3908
3.619999999999967,260,181,182,182,182,3910
3.6299999999999666,260,181,182,182,182,3910
3.6399999999999664,260,181,182,182,182,3910
3.649999999999966,260,181,182,182,181,3908
3.659999999999966,260,181,182,182,181,3904
3.6699999999999657,260,181,183,183,181,3900
3.6799999999999655,260,182,183,183,181,3894
3.6899999999999653,260,182,183,183,181,3889
3.699999999999965,260,182,183,183,181,3884
3.709999999999965,260,182,183,183,181,3879
3.7199999999999647,260,182,183,183,181,3875
3.7299999999999645,260,182,183,183,181,3872
3.7399999999999642,260,182,183,183,181,3868
3.749999999999964,260,182,183,183,181,3865
3.759999999999964,260,182,183,183,181,3861
3.7699999999999636,260,182,183,183,181,3857
3.7799999999999634,260,182,183,183,181,3853
3.789999999999963,260,183,183,183,181,3849
3.799999999999963,260,183,183,183,181,3845
3.8099999999999627,260,183,183,183,181,3841
3.8199999999999625,260,183,183,183,181,3838
3.8299999999999623,260,183,182,183,181,3836
3.839999999999962,260,183,182,183,181,3835
3.849999999999962,260,183,182,183,181,3834
3.8599999999999617,260,183,182,183,181,3834
3.8699999999999615,260,183,182,183,181,3835
3.8799999999999613,260,183,182,182,181,3835
3.889999999999961,260,183,181,182,181,3836
3.899999999999961,260,183,181,182,181,3838
3.9099999999999606,260,183,181,182,181,3841
3.9199999999999604,260,183,181,182,181,3845
3.92999999999996,260,182,181,182,181,3850
3.93999999999996,260,182,181,182,181,3855
3.9499999999999598,260,182,181,182,181,3861
3.9599999999999596,260,182,181,182,181,3866
3.9699999999999593,260,182,182,182,181,3870
3.979999999999959,260,182,182,182,181,3875
3.989999999999959,260,182,181,182,181,3878
3.9999999999999587,260,182,181,182,181,3880
4.009999999999959,260,182,181,182,181,3881
4.019999999999959,260,182,181,182,181,3882
4.0299999999999585,260,182,181,182,181,3882
4.039999999999958,260,182,181,182,181,3882
4.049999999999958,260,182,181,182,181,3883
4.059999999999958,260,182,181,181,180,3884
4.069999999999958,260,182,181,181,180,3887
4.079999999999957,260,182,181,181,180,3890
4.089999999999957,260,182,180,181,180,3895
4.099999999999957,260,181,180,181,180,3901
4.109999999999957,260,181,180,181,180,3907
4.119999999999957,260,181,180,181,180,3915
4.129999999999956,260,181,180,181,180,3924
4.139999999999956,260,181,180,181,180,3934
4.149999999999956,260,181,180,181,180,3945
4.159999999999956,260,180,181,181,180,3956
4.1699999999999555,260,180,181,181,180,3966
4.179999999999955,260,180,181,181,180,3974
4.189999999999955,260,180,181,181,180,3982
4.199999999999955,260,180,181,181,180,3989
4.209999999999955,260,180,181,181,180,3993
4.2199999999999545,260,180,181,181,180,3997
4.229999999999954,260,180,181,181,180,3999
4.239999999999954,260,179,181,180,180,4001
4.249999999999954,260,179,181,180,180,4002
4.259999999999954,260,179,181,180,180,4003
4.269999999999953,260,179,181,180,180,4004
4.279999999999953,300,179,182,180,180,6004
4.289999999999953,300,179,182,180,180,6003
4.299999999999953,300,179,182,180,180,6000
4.3099999999999525,300,180,182,180,180,5995
4.319999999999952,300,180,182,180,180,5988
4.329999999999952,300,180,182,181,180,5978
4.339999999999952,300,180,182,181,180,5966
4.349999999999952,300,180,182,181,180,5953
4.3599999999999515,300,181,182,181,181,5939
4.369999999999951,300,181,183,182,181,5922
4.379999999999951,300,181,183,182,181,5904
4.389999999999951,300,182,183,183,182,5884
4.399999999999951,300,182,184,183,182,5863
4.40999999999995,300,183,184,184,182,5841
4.41999999999995,300,183,185,184,183,5818
4.42999999999995,300,184,185,185,183,5795
4.43999999999995,300,184,186,185,184,5770
4.4499999999999496,300,185,186,186,184,5744
4.459999999999949,300,185,187,187,185,5717
4.469999999999949,300,186,187,187,186,5689
4.479999999999949,300,186,188,188,186,5660
4.489999999999949,300,187,189,188,187,5632
4.4999999999999485,300,187,189,189,187,5603
4.509999999999948,300,188,190,190,188,5576
4.519999999999948,300,189,191,190,189,5548
4.529999999999948,300,189,191,191,189,5521
4.539999999999948,300,190,192,192,190,5492
4.549999999999947,300,190,193,192,191,5462
4.559999999999947,300,191,194,193,192,5430
4.569999999999947,300,192,194,194,192,5396
4.579999999999947,300,192,195,195,193,5360
4.589999999999947,300,193,196,195,194,5323
4.599999999999946,300,194,197,196,194,5285
4.609999999999946,300,195,197,197,195,5246
4.619999999999946,300,195,198,197,196,5208
4.629999999999946,300,196,199,198,196,5171
4.6399999999999455,300,197,199,198,197,5134
4.649999999999945,300,198,200,199,198,5099
4.659999999999945,300,198,201,199,198,5065
4.669999999999945,300,199,201,200,199,5032
4.679999999999945,300,199,202,200,199,5001
4.689999999999944,300,200,202,201,200,4971
4.699999999999944,300,201,203,201,200,4944
4.709999999999944,300,201,203,202,201,4917
4.719999999999944,300,202,203,202,201,4893
4.729999999999944,300,202,204,202,201,4871
4.739999999999943,300,202,204,203,202,4851
4.749999999999943,300,203,204,203,202,4833
4.759999999999943,300,203,205,203,202,4817
4.769999999999943,300,203,205,204,203,4802
4.7799999999999425,300,204,205,204,203,4789
4.789999999999942,300,204,206,204,203,4777
4.799999999999942,300,204,206,205,203,4767
4.809999999999942,300,204,206,205,204,4757
4.819999999999942,300,205,206,205,204,4749
4.8299999999999415,300,205,206,205,204,4742
4.839999999999941,300,205,207,206,204,4737
4.849999999999941,300,205,207,206,204,4733
4.859999999999941,300,205,207,206,204,4731
4.869999999999941,300,205,207,206,205,4730
4.87999999999994,300,205,207,206,205,4731
4.88999999999994,300,205,207,206,205,4733
4.89999999999994,300,205,207,207,205,4734
4.90999999999994,300,205,207,207,204,4736
4.9199999999999395,300,205,206,207,204,4738
4.929999999999939,300,205,206,207,204,4739
4.939999999999939,300,205,206,207,204,4739
4.949999999999939,300,205,206,207,204,4740
4.959999999999939,300,205,206,207,204,4740
4.9699999999999385,300,205,206,207,203,4741
4.979999999999938,300,205,206,206,203,4742
4.989999999999938,300,205,205,206,203,4744
4.999999999999938,300,205,205,206,203,4747
5.009999999999938,300,204,205,206,203,4750
5.019999999999937,300,204,205,206,202,4754
5.029999999999937,300,204,205,206,202,4759
5.039999999999937,300,204,205,206,202,4765
5.049999999999937,300,204,204,206,202,4770
5.0599999999999365,300,204,204,206,202,4776
5.069999999999936,300,204,204,206,202,4782
5.079999999999936,300,204,204,206,201,4788
5.089999999999936,300,204,203,206,201,4793
5.099999999999936,300,203,203,205,201,4800
5.1099999999999355,300,203,203,205,201,4807
5.119999999999935,300,203,203,205,201,4813
5.129999999999935,300,203,202,205,201,4820
5.139999999999935,300,203,202,205,201,4827
5.149999999999935,300,203,202,204,201,4832
5.159999999999934,300,203,202,204,201,4837
5.169999999999934,300,203,201,204,201,4839
5.179999999999934,300,203,201,204,200,4840
5.189999999999934,300,203,201,204,200,4840
5.199999999999934,300,203,201,203,200,4838
5.209999999999933,300,203,201,203,200,4835
5.219999999999933,300,203,201,203,200,4831
5.229999999999933,300,203,201,203,200,4827
5.239999999999933,300,203,202,203,201,4823
5.2499999999999325,300,203,202,203,201,4818
5.259999999999932,300,203,202,202,201,4814
5.269999999999932,300,203,202,202,201,4810
5.279999999999932,300,203,202,202,201,4807
5.289999999999932,300,203,202,202,201,4805
5.299999999999931,300,203,202,202,201,4804
5.309999999999931,300,203,202,202,201,4805
5.319999999999931,300,203,202,202,201,4807
5.329999999999931,300,203,202,202,201,4811
5.339999999999931,300,203,202,202,201,4816
5.34999999999993,300,203,202,202,201,4823
5.35999999999993,300,203,202,202,201,4831
5.36999999999993,300,203,202,202,201,4838
5.37999999999993,300,203,202,202,201,4846
5.3899999999999295,300,202,202,202,201,4852
5.399999999999929,300,202,202,202,201,4858
5.409999999999929,300,202,202,202,201,4862
5.419999999999929,300,202,202,202,201,4864
5.429999999999929,300,202,202,202,201,4866
5.4399999999999284,300,202,202,202,201,4866
5.449999999999928,300,202,202,202,201,4866
5.459999999999928,300,202,203,202,202,4865
5.469999999999928,300,202,203,202,202,4865
5.479999999999928,300,202,203,202,202,4865
5.489999999999927,300,202,203,202,202,4865
5.499999999999927,300,202,203,202,202,4866
5.509999999999927,300,202,203,203,202,4866
5.519999999999927,300,202,203,203,202,4866
5.5299999999999265,300,202,203,203,202,4865
5.539999999999926,300,202,204,203,202,4863
5.549999999999926,300,202,204,203,202,4861
5.559999999999926,300,202,204,203,202,4858
5.569999999999926,300,202,204,203,202,4855
5.5799999999999255,300,202,204,203,202,4851
5.589999999999925,300,203,204,203,202,4846
5.599999999999925,300,203,204,203,202,4841
5.609999999999925,300,203,204,203,202,4836
5.619999999999925,300,203,204,203,202,4831
5.629999999999924,300,203,205,204,202,4825
5.639999999999924,300,203,205,204,202,4819
5.649999999999924,300,203,205,204,202,4814
5.659999999999924,300,203,205,204,202,4807
5.6699999999999235,300,203,205,204,202,4801
5.679999999999923,300,204,205,204,202,4795
5.689999999999923,300,204,205,204,202,4789
5.699999999999923,300,204,205,204,202,4783
5.709999999999923,300,204,205,204,202,4777
5.7199999999999225,300,204,205,204,202,4773
5.729999999999922,300,204,205,205,202,4770
5.739999999999922,300,204,205,205,202,4767
5.749999999999922,300,204,205,205,202,4766
5.759999999999922,300,204,205,205,202,4766
5.769999999999921,300,204,205,205,202,4765
5.779999999999921,300,204,205,205,202,4765
5.789999999999921,300,204,205,205,202,4764
5.799999999999921,300,204,205,205,202,4762
5.809999999999921,300,204,205,205,202,4759
5.81999999999992,300,204,205,205,202,4756
5.82999999999992,300,204,205,205,202,4753
5.83999999999992,300,204,205,205,202,4750
5.84999999999992,300,205,204,205,202,4748
5.8599999999999195,300,205,204,205,202,4746
5.869999999999919,300,205,204,205,202,4745
5.879999999999919,300,205,204,204,202,4745
5.889999999999919,300,205,204,204,202,4746
5.899999999999919,300,205,204,204,202,4747
5.909999999999918,300,205,204,204,202,4749
5.919999999999918,300,204,204,204,202,4752
5.929999999999918,300,204,203,204,202,4755
5.939999999999918,300,204,203,204,202,4758
5.949999999999918,300,204,203,203,202,4761
5.959999999999917,300,204,203,203,202,4764
5.969999999999917,300,204,203,203,202,4767
5.979999999999917,300,204,203,203,203,4771
5.989999999999917,300,204,203,203,203,4776
5.9999999999999165,300,204,203,203,203,4780
6.009999999999916,300,204,203,203,203,4784
6.019999999999916,300,204,204,203,203,4787
6.029999999999916,300,204,204,203,203,4790
6.039999999999916,300,204,204,203,203,4791
6.0499999999999154,300,204,204,203,203,4792
6.059999999999915,300,204,204,203,203,4793
6.069999999999915,300,204,204,203,203,4794
6.079999999999915,300,204,204,203,203,4794
6.089999999999915,300,204,204,203,203,4795
6.099999999999914,300,204,204,203,202,4795
6.109999999999914,300,204,204,203,202,4795
6.119999999999914,300,204,205,203,202,4794
6.129999999999914,300,204,205,203,202,4792
6.1399999999999135,300,204,205,203,202,4789
6.149999999999913,300,204,205,203,202,4785
6.159999999999913,300,204,205,203,202,4781
6.169999999999913,300,204,205,203,202,4777
6.179999999999913,300,204,205,204,202,4774
6.1899999999999125,300,204,205,204,202,4771
6.199999999999912,300,204,205,204,202,4768
6.209999999999912,300,204,205,204,202,4766
6.219999999999912,300,204,205,204,203,4764
6.229999999999912,300,204,205,204,203,4763
6.239999999999911,300,204,205,204,203,4761
6.249999999999911,300,204,205,204,203,4759
6.259999999999911,300,204,206,205,203,4756
6.269999999999911,300,204,206,205,203,4753
6.2799999999999105,300,205,206,205,203,4749
6.28999999999991,300,205,206,205,204,4746
6.29999999999991,300,205,206,205,204,4743
6.30999999999991,340,205,206,205,204,6740
6.31999999999991,340,205,206,205,204,6739
6.3299999999999095,340,205,206,205,204,6738
6.339999999999909,340,205,206,205,204,6736
6.349999999999909,340,205,206,205,204,6734
6.359999999999909,340,205,206,205,204,6731
6.369999999999909,340,205,206,205,204,6727
6.379999999999908,340,205,206,205,205,6720
6.389999999999908,340,205,206,206,205,6712
6.399999999999908,340,205,206,206,205,6702
6.409999999999908,340,206,207,206,205,6691
6.419999999999908,340,206,207,206,205,6680
6.429999999999907,340,206,207,207,205,6669
6.439999999999907,340,206,207,207,206,6659
6.449999999999907,340,207,207,207,206,6649
6.459999999999907,340,207,207,208,206,6639
6.4699999999999065,340,207,208,208,206,6629
6.479999999999906,340,207,208,208,206,6618
6.489999999999906,340,207,208,209,207,6607
6.499999999999906,340,208,208,209,207,6596
6.509999999999906,340,208,209,209,207,6584
6.519999999999905,340,208,209,210,208,6572
6.529999999999905,340,208,209,210,208,6559
6.539999999999905,340,209,210,210,208,6546
6.549999999999905,340,209,210,211,209,6533
6.559999999999905,340,209,210,211,209,6520
6.569999999999904,340,209,211,211,210,6506
6.579999999999904,340,210,211,212,210,6491
6.589999999999904,340,210,212,212,210,6475
6.599999999999904,340,210,212,213,211,6458
6.6099999999999035,340,211,213,213,211,6439
6.619999999999903,340,211,213,213,212,6419
6.629999999999903,340,212,214,214,212,6398
6.639999999999903,340,212,214,214,213,6376
6.649999999999903,340,212,215,214,213,6354
6.659999999999902,340,213,215,215,213,6331
6.669999999999902,340,213,215,215,214,6310
6.679999999999902,340,214,216,215,214,6290
6.689999999999902,340,214,216,216,214,6272
6.699999999999902,340,214,216,216,215,6254
6.709999999999901,340,215,217,216,215,6237
6.719999999999901,340,215,217,217,215,6221
6.729999999999901,340,215,217,217,216,6204
6.739999999999901,340,216,218,217,216,6188
6.7499999999999005,340,216,218,217,216,6173
6.7599999999999,340,216,218,217,216,6158
6.7699999999999,340,217,218,218,217,6145
6.7799999999999,340,217,218,218,217,6132
6.7899999999999,340,217,219,218,217,6121
6.7999999999998995,340,217,219,218,217,6110
6.809999999999899,340,217,219,218,218,6100
6.819999999999899,340,218,219,219,218,6089
6.829999999999899,340,218,219,219,218,6079
6.839999999999899,340,218,220,219,218,6069
6.849999999999898,340,218,220,219,218,6059
6.859999999999898,340,219,220,219,219,6048
6.869999999999898,340,219,220,219,219,6037
6.879999999999898,340,219,220,219,219,6027
6.8899999999998975,340,219,220,220,219,6018
6.899999999999897,340,219,221,220,219,6011
6.909999999999897,340,219,221,220,219,6004
6.919999999999897,340,220,221,220,219,5999
6.929999999999897,340,220,221,220,219,5994
6.9399999999998965,340,220,221,220,219,5989
6.949999999999896,340,220,221,220,220,5984
6.959999999999896,340,220,221,220,220,5980
6.969999999999896,340,220,221,220,220,5976
6.979999999999896,340,220,221,220,220,5973
6.989999999999895,340,220,221,220,220,5971
6.999999999999895,340,220,221,220,220,5970
7.009999999999895,340,220,222,220,220,5971
7.019999999999895,340,220,222,220,220,5971
7.0299999999998946,340,220,221,219,220,5973
7.039999999999894,340,220,221,219,220,5974
7.049999999999894,340,220,221,219,220,5975
7.059999999999894,340,220,221,219,220,5976
7.069999999999894,340,220,221,219,220,5976
7.0799999999998935,340,220,221,219,220,5976
7.089999999999893,340,220,221,219,220,5976
7.099999999999893,340,220,221,219,220,5975
7.109999999999893,340,220,221,219,220,5976
7.119999999999893,340,220,222,219,220,5977
7.129999999999892,340,220,222,220,220,5980
7.139999999999892,340,220,222,220,220,5983
7.149999999999892,340,220,222,220,220,5987
7.159999999999892,340,220,222,220,220,5990
7.169999999999892,340,220,222,220,220,5993
7.179999999999891,340,220,222,220,220,5996
7.189999999999891,340,220,222,220,220,5997
7.199999999999891,340,220,222,220,220,5999
7.209999999999891,340,219,222,220,220,6000
7.2199999999998905,340,219,222,220,219,6002
7.22999999999989,340,219,222,220,219,6004
7.23999999999989,340,219,222,220,219,6006
7.24999999999989,340,219,222,220,219,6009
7.25999999999989,340,219,222,220,219,6011
7.269999999999889,340,219,222,220,219,6013
7.279999999999889,340,219,222,220,219,6014
7.289999999999889,340,219,222,220,219,6015
7.299999999999889,340,219,221,220,219,6016
7.309999999999889,340,219,221,220,219,6016
7.319999999999888,340,219,221,220,218,6017
7.329999999999888,340,219,221,220,218,6018
7.339999999999888,340,219,221,220,218,6020
7.349999999999888,340,219,221,220,218,6021
7.3599999999998875,340,219,221,220,218,6023
7.369999999999887,340,219,220,220,218,6024
7.379999999999887,340,219,220,220,218,6026
7.389999999999887,340,219,220,220,218,6027
7.399999999999887,340,219,220,220,218,6029
7.4099999999998865,340,219,220,220,218,6030
7.419999999999886,340,219,220,220,218,6032
7.429999999999886,340,219,219,220,218,6034
7.439999999999886,340,219,219,220,217,6037
7.449999999999886,340,219,219,220,217,6040
7.459999999999885,340,219,219,220,217,6045
7.469999999999885,340,218,219,220,217,6050
7.479999999999885,340,218,219,220,217,6054
7.489999999999885,340,218,219,220,217,6057
7.4999999999998845,340,218,219,220,217,6060
7.509999999999884,340,218,218,219,217,6063
7.519999999999884,340,218,218,219,216,6066
7.529999999999884,340,218,218,219,216,6069
7.539999999999884,340,218,218,219,216,6071
7.5499999999998835,340,218,218,219,216,6072
7.559999999999883,340,218,218,219,216,6075
7.569999999999883,340,218,218,219,216,6077
7.579999999999883,340,218,218,219,216,6081
7.589999999999883,340,218,218,219,216,6085
7.599999999999882,340,218,218,219,216,6091
7.609999999999882,340,218,218,218,216,6096
7.619999999999882,340,217,218,218,216,6101
7.629999999999882,340,217,217,218,216,6106
7.6399999999998816,340,217,217,218,216,6111
7.649999999999881,340,217,217,218,216,6115
7.659999999999881,340,217,217,218,216,6120
7.669999999999881,340,217,217,218,216,6124
7.679999999999881,340,217,217,218,216,6127
7.6899999999998805,340,217,217,218,216,6131
7.69999999999988,340,217,217,218,216,6134
7.70999999999988,340,217,218,218,216,6137
7.71999999999988,340,217,218,218,216,6139
7.72999999999988,340,217,218,218,216,6139
7.739999999999879,340,217,218,218,216,6138
7.749999999999879,340,217,218,218,216,6136
7.759999999999879,340,217,218,217,216,6132
7.769999999999879,340,217,218,217,216,6128
7.779999999999879,340,217,218,217,216,6123
7.789999999999878,340,217,218,217,216,6118
7.799999999999878,340,217,218,217,216,6114
7.809999999999878,340,217,218,217,216,6111
7.819999999999878,340,217,218,217,216,6108
7.8299999999998775,340,217,218,217,216,6105
7.839999999999877,340,217,218,217,216,6104
7.849999999999877,340,217,218,217,216,6102
7.859999999999877,340,217,218,217,216,6102
7.869999999999877,340,217,218,217,216,6101
7.879999999999876,340,217,218,217,216,6102
7.889999999999876,340,217,218,217,216,6103
7.899999999999876,340,217,218,217,216,6105
7.909999999999876,340,217,218,217,216,6108
7.919999999999876,340,217,218,217,216,6112
7.929999999999875,340,217,218,217,216,6115
7.939999999999875,340,217,218,217,216,6119
7.949999999999875,340,217,218,217,216,6122
7.959999999999875,340,217,218,217,216,6125
7.9699999999998745,340,217,218,217,216,6127
7.979999999999874,340,217,218,217,216,6128
7.989999999999874,340,217,218,217,216,6128
7.999999999999874,340,217,218,217,216,6128
8.009999999999874,340,217,218,217,216,6129
8.019999999999873,340,217,218,218,216,6130
8.029999999999873,340,217,218,218,216,6132
8.039999999999873,340,217,218,218,216,6133
8.049999999999873,340,217,218,218,216,6135
8.059999999999873,340,217,218,218,216,6137
8.069999999999872,340,217,218,218,216,6138
8.079999999999872,340,217,218,218,216,6139
8.089999999999872,340,217,218,218,216,6139
8.099999999999872,340,217,218,218,216,6140
8.109999999999872,340,217,218,218,216,6141
8.119999999999871,340,217,218,218,216,6141
8.129999999999871,340,217,218,218,216,6142
8.139999999999871,340,217,218,218,216,6144
8.14999999999987,340,217,218,218,216,6145
8.15999999999987,340,217,218,218,216,6147
8.16999999999987,340,217,217,218,216,6147
8.17999999999987,340,217,217,218,216,6146
8.18999999999987,340,217,217,218,216,6145
8.19999999999987,340,217,217,218,216,6142
8.20999999999987,340,217,217,218,216,6138
8.21999999999987,340,217,217,218,216,6134
8.229999999999869,340,217,218,218,216,6131
8.239999999999869,340,217,218,218,216,6127
8.249999999999869,340,217,218,218,216,6124
8.259999999999868,340,217,218,218,216,6121
8.269999999999868,340,217,218,218,216,6118
8.279999999999868,340,217,218,218,216,6115
8.289999999999868,340,217,217,218,216,6112
8.299999999999867,340,217,217,218,216,6111
8.309999999999867,340,217,217,218,216,6109
8.319999999999867,340,217,217,218,216,6108
8.329999999999867,340,217,217,218,216,6108
