t,i1,i2,i3,i4,i5
0.0,0,0,0,0,0
0.01,0,0,0,0,0
0.02,0,0,0,0,0
0.03,0,0,0,0,0
0.04,0,0,0,0,0
0.05,0,0,0,0,0
0.060000000000000005,0,0,0,0,0
0.07,0,0,0,0,0
0.08,0,0,0,0,0
0.09,0,0,0,0,0
0.09999999999999999,0,0,0,0,0
0.10999999999999999,0,0,0,0,0
0.11999999999999998,0,0,0,0,0
0.12999999999999998,0,0,0,0,0
0.13999999999999999,0,0,0,0,0
0.15,0,0,0,0,0
0.16,0,0,0,0,0
0.17,0,0,0,0,0
0.18000000000000002,0,0,0,0,0
0.19000000000000003,0,0,0,0,0
0.20000000000000004,0,0,0,0,0
0.21000000000000005,0,0,0,0,0
0.22000000000000006,0,0,0,0,0
0.23000000000000007,0,0,0,0,0
0.24000000000000007,0,0,0,0,0
0.25000000000000006,0,0,0,0,0
0.26000000000000006,0,0,0,0,0
0.2700000000000001,0,0,0,0,0
0.2800000000000001,0,0,0,0,0
0.2900000000000001,0,0,0,0,0
0.3000000000000001,0,0,0,0,0
0.3100000000000001,0,0,0,0,0
0.3200000000000001,0,0,0,0,0
0.3300000000000001,0,0,0,0,0
0.34000000000000014,0,0,0,0,0
0.35000000000000014,0,0,0,0,0
0.36000000000000015,0,0,0,0,0
0.37000000000000016,0,0,0,0,0
0.38000000000000017,0,0,0,0,0
0.3900000000000002,0,0,0,0,0
0.4000000000000002,0,0,0,0,0
0.4100000000000002,0,0,0,0,0
0.4200000000000002,0,0,0,0,0
0.4300000000000002,0,0,0,0,0
0.4400000000000002,0,0,0,0,0
0.45000000000000023,0,0,0,0,0
0.46000000000000024,0,0,0,0,0
0.47000000000000025,0,0,0,0,0
0.48000000000000026,0,0,0,0,0
0.49000000000000027,0,0,0,0,0
0.5000000000000002,0,0,0,0,0
0.5100000000000002,0,0,0,0,0
0.5200000000000002,0,0,0,0,0
0.5300000000000002,0,0,0,0,0
0.5400000000000003,0,0,0,0,0
0.5500000000000003,0,0,0,0,0
0.5600000000000003,0,0,0,0,0
0.5700000000000003,0,0,0,0,0
0.5800000000000003,0,0,0,0,0
0.5900000000000003,0,0,0,0,0
0.6000000000000003,0,0,0,0,0
0.6100000000000003,1000,0,0,0,0
0.6200000000000003,1000,0,0,0,0
0.6300000000000003,1000,0,0,0,0
0.6400000000000003,1000,0,0,0,0
0.6500000000000004,1000,47,0,0,0
0.6600000000000004,1000,47,0,43,0
0.6700000000000004,1000,47,0,43,0
0.6800000000000004,1000,47,0,50,0
0.6900000000000004,1000,47,0,50,0
0.7000000000000004,1000,47,0,41,0
0.7100000000000004,1000,47,0,41,0
0.7200000000000004,1000,0,0,41,0
0.7300000000000004,1000,0,0,39,0
0.7400000000000004,1000,0,0,39,0
0.7500000000000004,1000,0,0,39,0
0.7600000000000005,1000,0,0,37,0
0.7700000000000005,1000,0,0,37,0
0.7800000000000005,1000,0,0,37,0
0.7900000000000005,1000,0,0,37,0
0.8000000000000005,1000,0,0,0,0
0.8100000000000005,1000,0,0,0,0
0.8200000000000005,1000,0,0,0,0
0.8300000000000005,1000,0,0,0,0
0.8400000000000005,1000,0,0,0,0
0.8500000000000005,1000,0,0,0,0
0.8600000000000005,1000,0,0,0,0
0.8700000000000006,1000,0,0,0,0
0.8800000000000006,1000,0,0,0,0
0.8900000000000006,1000,0,0,0,0
0.9000000000000006,1000,0,0,0,0
0.9100000000000006,1000,0,0,0,0
0.9200000000000006,1000,0,0,6,0
0.9300000000000006,1000,0,0,6,0
0.9400000000000006,1000,3,0,6,0
0.9500000000000006,1000,3,0,6,0
0.9600000000000006,1000,3,0,0,0
0.9700000000000006,1000,3,0,0,0
0.9800000000000006,1000,0,0,0,0
0.9900000000000007,1000,0,0,0,0
1.0000000000000007,1000,0,0,0,0
1.0100000000000007,1000,0,0,0,0
1.0200000000000007,1000,0,0,0,0
1.0300000000000007,1000,0,0,0,0
1.0400000000000007,1000,0,0,0,0
1.0500000000000007,1000,0,0,0,0
1.0600000000000007,1000,0,0,0,0
1.0700000000000007,1000,0,0,0,0
1.0800000000000007,1000,0,0,0,0
1.0900000000000007,1000,0,0,0,0
1.1000000000000008,1000,0,0,0,0
1.1100000000000008,1000,0,0,0,0
1.1200000000000008,1000,0,0,0,0
1.1300000000000008,1000,0,0,0,0
1.1400000000000008,1000,0,0,0,0
1.1500000000000008,1000,0,0,0,0
1.1600000000000008,1000,0,0,0,0
1.1700000000000008,1000,4,0,0,0
1.1800000000000008,1000,4,0,0,0
1.1900000000000008,1000,4,0,0,0
1.2000000000000008,1000,4,0,3,0
1.2100000000000009,1000,0,3,3,0
1.2200000000000009,1000,0,3,3,0
1.2300000000000009,1000,0,3,3,0
1.2400000000000009,1000,0,3,0,0
1.2500000000000009,1000,0,0,0,0
1.260000000000001,1000,0,0,0,0
1.270000000000001,1000,0,0,0,0
1.280000000000001,1000,0,0,0,0
1.290000000000001,1000,0,0,0,0
1.300000000000001,1000,0,0,0,0
1.310000000000001,1000,0,0,0,0
1.320000000000001,1000,0,0,0,0
1.330000000000001,1000,0,0,0,0
1.340000000000001,1000,0,0,0,3
1.350000000000001,1000,0,0,0,3
1.360000000000001,1000,0,0,0,3
1.370000000000001,1000,0,0,0,3
1.380000000000001,1000,0,0,0,0
1.390000000000001,1000,0,0,0,0
1.400000000000001,1000,0,0,0,0
1.410000000000001,1000,0,0,0,0
1.420000000000001,1000,0,0,0,0
1.430000000000001,1000,0,0,0,0
1.440000000000001,1000,0,0,0,0
1.450000000000001,1000,0,0,0,0
1.460000000000001,1000,0,0,0,0
1.470000000000001,1000,0,0,0,0
1.480000000000001,1000,0,0,0,0
1.490000000000001,1000,0,0,0,0
1.500000000000001,1000,0,0,0,0
1.5100000000000011,1000,0,0,0,0
1.5200000000000011,1000,0,0,0,0
1.5300000000000011,1000,0,0,0,0
1.5400000000000011,1000,0,0,0,0
1.5500000000000012,1000,0,0,0,0
1.5600000000000012,1000,0,0,0,0
1.5700000000000012,1000,0,0,0,0
1.5800000000000012,1000,0,0,0,0
1.5900000000000012,1000,0,0,0,0
1.6000000000000012,1000,0,0,0,0
1.6100000000000012,1000,0,0,0,0
1.6200000000000012,2000,0,0,0,0
1.6300000000000012,2000,0,0,0,0
1.6400000000000012,2000,0,0,0,0
1.6500000000000012,2000,0,0,2,0
1.6600000000000013,2000,2,2,57,0
1.6700000000000013,2000,2,2,57,0
1.6800000000000013,2000,2,45,53,2
1.6900000000000013,2000,33,45,53,2
1.7000000000000013,2000,33,45,49,2
1.7100000000000013,2000,33,41,49,32
1.7200000000000013,2000,31,41,49,32
1.7300000000000013,2000,31,44,32,53
1.7400000000000013,2000,53,44,32,70
1.7500000000000013,2000,66,48,32,70
1.7600000000000013,2000,66,48,32,67
1.7700000000000014,2000,69,66,27,64
1.7800000000000014,2000,76,87,27,64
1.7900000000000014,2000,72,95,54,68
1.8000000000000014,2000,72,96,80,74
1.8100000000000014,2000,75,96,100,74
1.8200000000000014,2000,83,83,106,74
1.8300000000000014,2000,87,83,107,95
1.8400000000000014,2000,98,68,107,97
1.8500000000000014,2000,106,80,115,102
1.8600000000000014,2000,110,83,110,108
1.8700000000000014,2000,118,104,121,127
1.8800000000000014,2000,118,110,120,124
1.8900000000000015,2000,139,127,119,118
1.9000000000000015,2000,141,147,122,116
1.9100000000000015,2000,152,145,136,133
1.9200000000000015,2000,150,154,139,146
1.9300000000000015,2000,167,147,134,141
1.9400000000000015,2000,161,156,153,162
1.9500000000000015,2000,171,158,152,166
1.9600000000000015,2000,172,170,165,170
1.9700000000000015,2000,176,170,166,178
1.9800000000000015,2000,181,181,180,172
1.9900000000000015,2000,184,197,197,182
2.0000000000000013,2000,176,208,204,185
2.010000000000001,2000,188,211,210,200
2.020000000000001,2000,200,212,214,203
2.0300000000000007,2000,206,215,209,206
2.0400000000000005,2000,212,220,204,216
2.0500000000000003,2000,221,221,193,220
2.06,2000,217,228,183,219
2.07,2000,219,223,181,215
2.0799999999999996,2000,229,233,190,211
2.0899999999999994,2000,235,243,200,220
2.099999999999999,2000,240,220,217,231
2.109999999999999,2000,240,228,225,215
2.1199999999999988,2000,250,229,253,233
2.1299999999999986,2000,246,235,260,248
2.1399999999999983,2000,260,227,273,240
2.149999999999998,2000,247,243,275,254
2.159999999999998,2000,246,267,278,240
2.1699999999999977,2000,229,262,260,257
2.1799999999999975,2000,228,273,250,272
2.1899999999999973,2000,232,280,246,275
2.199999999999997,2000,225,268,216,289
2.209999999999997,2000,225,242,214,284
2.2199999999999966,2000,222,241,218,290
2.2299999999999964,2000,244,244,224,280
2.239999999999996,2000,258,236,245,261
2.249999999999996,2000,255,245,243,258
2.259999999999996,2000,267,253,258,247
2.2699999999999956,2000,268,272,249,208
2.2799999999999954,2000,277,264,263,206
2.289999999999995,2000,267,264,250,198
2.299999999999995,2000,270,272,255,209
2.3099999999999947,2000,257,270,222,220
2.3199999999999945,2000,265,253,224,233
2.3299999999999943,2000,249,263,228,262
2.339999999999994,2000,268,258,240,273
2.349999999999994,2000,282,217,247,280
2.3599999999999937,2000,280,220,270,273
2.3699999999999934,2000,283,235,282,280
2.3799999999999932,2000,289,251,290,251
2.389999999999993,2000,290,276,299,251
2.399999999999993,2000,289,302,295,243
2.4099999999999926,2000,285,312,282,261
2.4199999999999924,2000,262,303,283,269
2.429999999999992,2000,243,273,293,286
2.439999999999992,2000,216,250,289,306
2.4499999999999917,2000,243,217,286,318
2.4599999999999915,2000,264,251,307,331
2.4699999999999913,2000,273,269,302,331
2.479999999999991,2000,295,291,285,319
2.489999999999991,2000,303,304,279,275
2.4999999999999907,2000,295,311,280,269
2.5099999999999905,2000,303,315,267,254
2.5199999999999902,2000,300,310,264,263
2.52999999999999,2000,294,306,258,260
2.53999999999999,2000,297,299,275,268
2.5499999999999896,2000,299,281,270,284
2.5599999999999894,2000,305,265,265,282
2.569999999999989,2000,294,279,275,293
2.579999999999989,2000,285,282,303,313
2.5899999999999888,2000,292,279,313,326
2.5999999999999885,2000,285,279,328,325
2.6099999999999883,2000,293,293,338,309
2.619999999999988,2000,282,294,327,298
2.629999999999988,3000,286,284,317,288
2.6399999999999877,3000,309,314,332,325
2.6499999999999875,3000,328,350,351,360
2.6599999999999873,3000,357,350,349,359
2.669999999999987,3000,390,354,361,356
2.679999999999987,3000,388,368,358,323
2.6899999999999866,3000,382,333,364,321
2.6999999999999864,3000,369,336,340,341
2.709999999999986,3000,361,357,353,328
2.719999999999986,3000,371,361,363,350
2.7299999999999858,3000,381,373,358,370
2.7399999999999856,3000,395,385,388,389
2.7499999999999853,3000,416,394,399,383
2.759999999999985,3000,411,401,390,395
2.769999999999985,3000,404,406,396,389
2.7799999999999847,3000,396,414,388,416
2.7899999999999845,3000,411,422,391,440
2.7999999999999843,3000,421,436,404,452
2.809999999999984,3000,432,453,408,460
2.819999999999984,3000,421,460,433,436
2.8299999999999836,3000,443,453,431,438
2.8399999999999834,3000,460,469,440,428
2.849999999999983,3000,478,475,464,444
2.859999999999983,3000,481,476,451,441
2.869999999999983,3000,472,475,467,433
2.8799999999999826,3000,495,471,487,462
2.8899999999999824,3000,501,470,496,483
2.899999999999982,3000,519,465,524,514
2.909999999999982,3000,527,491,510,526
2.9199999999999817,3000,534,500,495,543
2.9299999999999815,3000,519,510,472,537
2.9399999999999813,3000,479,523,461,503
2.949999999999981,3000,452,511,437,460
2.959999999999981,3000,442,506,447,453
2.9699999999999807,3000,410,485,461,479
2.9799999999999804,3000,419,480,483,492
2.9899999999999802,3000,466,498,516,507
2.99999999999998,3000,492,510,519,523
3.00999999999998,3000,531,516,543,543
3.0199999999999796,3000,549,508,549,533
3.0299999999999794,3000,574,487,552,555
3.039999999999979,3000,569,476,552,555
3.049999999999979,3000,571,502,544,549
3.0599999999999787,3000,569,505,523,505
3.0699999999999785,3000,540,497,514,468
3.0799999999999783,3000,514,486,507,475
3.089999999999978,3000,515,480,539,493
3.099999999999978,3000,527,486,549,515
3.1099999999999777,3000,555,503,573,534
3.1199999999999775,3000,550,518,574,552
3.1299999999999772,3000,557,531,597,566
3.139999999999977,3000,539,546,579,581
3.149999999999977,3000,558,566,569,566
3.1599999999999766,3000,546,584,558,566
3.1699999999999764,3000,540,593,550,554
3.179999999999976,3000,520,591,544,554
3.189999999999976,3000,552,583,539,542
3.1999999999999758,3000,558,566,543,534
3.2099999999999755,3000,566,568,547,526
3.2199999999999753,3000,540,560,554,533
3.229999999999975,3000,571,569,568,537
3.239999999999975,3000,569,566,574,561
3.2499999999999747,3000,583,569,574,576
3.2599999999999745,3000,588,563,566,602
3.2699999999999743,3000,589,564,576,606
3.279999999999974,3000,597,589,564,589
3.289999999999974,3000,579,589,581,568
3.2999999999999736,3000,560,598,573,563
3.3099999999999734,3000,584,615,593,583
3.319999999999973,3000,583,619,583,591
3.329999999999973,3000,589,615,584,606
3.3399999999999728,3000,579,613,569,600
3.3499999999999726,3000,578,615,569,595
3.3599999999999723,3000,581,617,561,598
3.369999999999972,3000,604,597,568,598
3.379999999999972,3000,606,584,573,576
3.3899999999999717,3000,588,588,569,589
3.3999999999999715,3000,597,588,560,584
3.4099999999999713,3000,571,574,552,597
3.419999999999971,3000,568,560,557,589
3.429999999999971,3000,581,552,576,613
3.4399999999999706,3000,583,563,598,628
3.4499999999999704,3000,593,573,613,602
3.45999999999997,3000,593,581,653,591
3.46999999999997,3000,597,568,643,606
3.47999999999997,3000,611,569,655,611
3.4899999999999696,3000,595,583,623,595
3.4999999999999694,3000,598,568,606,595
3.509999999999969,3000,595,569,613,597
3.519999999999969,3000,588,583,606,602
3.5299999999999687,3000,583,584,604,584
3.5399999999999685,3000,598,574,574,597
3.5499999999999683,3000,595,568,578,606
3.559999999999968,3000,595,586,564,600
3.569999999999968,3000,600,611,571,604
3.5799999999999677,3000,607,615,574,604
3.5899999999999674,3000,607,617,586,593
3.5999999999999672,3000,607,617,593,593
3.609999999999967,3000,615,613,609,602
3.619999999999967,3000,609,597,595,600
3.6299999999999666,3000,598,586,586,609
3.6399999999999664,3000,589,591,576,607
3.649999999999966,4000,606,602,588,617
3.659999999999966,4000,615,621,615,602
3.6699999999999657,4000,606,626,617,591
3.6799999999999655,4000,628,641,630,617
3.6899999999999653,4000,625,645,623,626
3.699999999999965,4000,630,666,632,660
3.709999999999965,4000,638,673,617,660
3.7199999999999647,4000,664,671,632,675
3.7299999999999645,4000,675,677,625,664
3.7399999999999642,4000,673,655,634,655
3.749999999999964,4000,647,662,634,684
3.759999999999964,4000,657,653,638,657
3.7699999999999636,4000,687,662,660,666
3.7799999999999634,4000,673,657,657,664
3.789999999999963,4000,655,660,662,653
3.799999999999963,4000,682,655,675,684
3.8099999999999627,4000,689,664,687,666
3.8199999999999625,4000,675,666,714,660
3.8299999999999623,4000,660,666,722,666
3.839999999999962,4000,694,666,706,680
3.849999999999962,4000,687,684,699,704
3.8599999999999617,4000,668,671,682,699
3.8699999999999615,4000,673,668,699,706
3.8799999999999613,4000,696,675,724,687
3.889999999999961,4000,699,682,704,684
3.899999999999961,4000,727,682,711,716
3.9099999999999606,4000,714,673,696,711
3.9199999999999604,4000,696,684,684,687
3.92999999999996,4000,701,684,696,684
3.93999999999996,4000,687,694,687,668
3.9499999999999598,4000,680,687,694,682
3.9599999999999596,4000,706,701,711,694
3.9699999999999593,4000,709,719,704,704
3.979999999999959,4000,724,740,722,724
3.989999999999959,4000,701,732,714,704
3.9999999999999587,4000,701,727,704,719
4.009999999999959,4000,719,724,709,716
4.019999999999959,4000,724,735,706,727
4.0299999999999585,4000,714,743,684,722
4.039999999999958,4000,738,749,701,732
4.049999999999958,4000,727,729,699,738
4.059999999999958,4000,738,711,722,729
4.069999999999958,4000,751,699,746,769
4.079999999999957,4000,754,716,746,760
4.089999999999957,4000,757,740,746,740
4.099999999999957,4000,732,740,743,724
4.109999999999957,4000,706,746,709,696
4.119999999999957,4000,706,732,729,682
4.129999999999956,4000,724,732,743,704
4.139999999999956,4000,738,740,719,706
4.149999999999956,4000,740,735,738,729
4.159999999999956,4000,727,714,732,738
4.1699999999999555,4000,743,687,722,729
4.179999999999955,4000,743,680,746,746
4.189999999999955,4000,735,682,749,751
4.199999999999955,4000,735,687,729,738
4.209999999999955,4000,722,696,751,732
4.2199999999999545,4000,732,696,757,714
4.229999999999954,4000,722,694,749,719
4.239999999999954,4000,719,696,769,743
4.249999999999954,4000,740,727,772,740
4.259999999999954,4000,740,746,751,729
4.269999999999953,4000,729,769,754,735
4.279999999999953,4000,749,769,749,732
4.289999999999953,4000,754,766,732,746
4.299999999999953,4000,763,760,740,769
4.3099999999999525,4000,769,757,754,781
4.319999999999952,4000,772,751,727,778
4.329999999999952,4000,781,757,738,760
4.339999999999952,4000,763,749,751,781
4.349999999999952,4000,754,746,722,754
4.3599999999999515,4000,754,766,729,735
4.369999999999951,4000,740,769,746,749
4.379999999999951,4000,740,778,740,727
4.389999999999951,4000,763,775,749,729
4.399999999999951,4000,769,778,760,757
4.40999999999995,4000,760,757,743,738
4.41999999999995,4000,754,746,746,732
4.42999999999995,4000,766,751,749,760
4.43999999999995,4000,746,735,711,746
4.4499999999999496,4000,751,740,735,735
4.459999999999949,4000,754,740,757,760
4.469999999999949,4000,724,701,740,754
4.479999999999949,4000,735,694,757,757
4.489999999999949,4000,751,724,763,760
4.4999999999999485,4000,727,735,746,749
4.509999999999948,4000,716,740,740,740
4.519999999999948,4000,740,740,749,727
4.529999999999948,4000,732,743,740,749
4.539999999999948,4000,740,743,746,763
4.549999999999947,4000,757,738,766,743
4.559999999999947,4000,749,738,757,740
4.569999999999947,4000,751,740,743,760
4.579999999999947,4000,772,746,763,754
4.589999999999947,4000,775,754,749,766
4.599999999999946,4000,746,760,735,763
4.609999999999946,4000,740,757,749,766
4.619999999999946,4000,760,751,746,760
4.629999999999946,4000,740,743,732,735
4.6399999999999455,4000,738,754,746,746
4.649999999999945,4000,766,754,743,738
4.659999999999945,4000,746,760,738,722
4.669999999999945,5000,743,778,749,746
4.679999999999945,5000,766,787,757,760
4.689999999999944,5000,778,796,757,763
4.699999999999944,5000,778,784,769,772
4.709999999999944,5000,763,784,781,784
4.719999999999944,5000,775,790,769,796
4.729999999999944,5000,787,800,781,784
4.739999999999943,5000,787,796,772,766
4.749999999999943,5000,729,769,763,775
4.759999999999943,5000,722,769,781,778
4.769999999999943,5000,772,778,800,787
4.7799999999999425,5000,787,772,813,784
4.789999999999942,5000,806,772,813,769
4.799999999999942,5000,793,757,803,787
4.809999999999942,5000,781,763,816,813
4.819999999999942,5000,803,763,803,819
4.8299999999999415,5000,806,760,800,829
4.839999999999941,5000,847,778,809,819
4.849999999999941,5000,843,775,800,790
4.859999999999941,5000,800,787,800,778
4.869999999999941,5000,796,790,819,787
4.87999999999994,5000,816,787,816,806
4.88999999999994,5000,800,803,809,800
4.89999999999994,5000,781,806,813,813
4.90999999999994,5000,793,823,836,816
4.9199999999999395,5000,819,843,840,809
4.929999999999939,5000,826,836,813,819
4.939999999999939,5000,829,836,806,813
4.949999999999939,5000,865,809,819,816
4.959999999999939,5000,851,800,816,829
4.9699999999999385,5000,847,819,800,826
4.979999999999938,5000,851,833,809,823
4.989999999999938,5000,851,833,809,829
4.999999999999938,5000,823,843,813,854
5.009999999999938,5000,836,854,813,843
5.019999999999937,5000,833,865,819,819
5.029999999999937,5000,823,851,816,803
5.039999999999937,5000,790,851,806,800
5.049999999999937,5000,793,836,790,775
5.0599999999999365,5000,823,836,800,806
5.069999999999936,5000,819,809,800,813
5.079999999999936,5000,790,796,796,826
5.089999999999936,5000,806,809,819,851
5.099999999999936,5000,809,813,819,851
5.1099999999999355,5000,806,790,813,809
5.119999999999935,5000,790,778,823,809
5.129999999999935,5000,806,781,847,806
5.139999999999935,5000,826,778,862,826
5.149999999999935,5000,829,803,854,843
5.159999999999934,5000,833,819,840,851
5.169999999999934,5000,826,833,847,823
5.179999999999934,5000,836,833,843,816
5.189999999999934,5000,833,843,840,819
5.199999999999934,5000,843,840,806,840
5.209999999999933,5000,851,833,784,833
5.219999999999933,5000,816,829,793,826
5.229999999999933,5000,778,836,809,826
5.239999999999933,5000,803,833,813,800
5.2499999999999325,5000,813,840,816,793
5.259999999999932,5000,803,819,793,796
5.269999999999932,5000,796,836,793,816
5.279999999999932,5000,816,840,823,813
5.289999999999932,5000,826,854,826,833
5.299999999999931,5000,854,847,796,862
5.309999999999931,5000,829,823,787,854
5.319999999999931,5000,826,806,819,843
5.329999999999931,5000,836,816,816,843
5.339999999999931,5000,829,833,793,836
5.34999999999993,5000,819,833,809,803
5.35999999999993,5000,816,803,826,800
5.36999999999993,5000,816,790,840,809
5.37999999999993,5000,819,796,847,823
5.3899999999999295,5000,829,809,854,833
5.399999999999929,5000,816,809,843,854
5.409999999999929,5000,819,806,833,843
5.419999999999929,5000,819,809,819,823
5.429999999999929,5000,819,787,836,800
5.4399999999999284,5000,809,769,851,796
5.449999999999928,5000,813,757,854,819
5.459999999999928,5000,833,766,829,836
5.469999999999928,5000,823,784,836,833
5.479999999999928,5000,840,819,833,833
5.489999999999927,5000,823,823,833,813
5.499999999999927,5000,806,833,826,813
5.509999999999927,5000,826,843,826,790
5.519999999999927,5000,819,847,809,813
5.5299999999999265,5000,813,851,813,836
5.539999999999926,5000,826,836,816,819
5.549999999999926,5000,851,847,823,833
5.559999999999926,5000,858,851,826,836
5.569999999999926,5000,836,858,813,833
5.5799999999999255,5000,843,847,813,843
5.589999999999925,5000,862,858,833,843
5.599999999999925,5000,854,858,823,823
5.609999999999925,5000,826,843,809,796
5.619999999999925,5000,790,833,813,793
5.629999999999924,5000,787,819,809,793
5.639999999999924,5000,809,813,816,816
5.649999999999924,5000,836,826,836,843
5.659999999999924,5000,836,819,854,833
5.6699999999999235,5000,840,809,865,823
5.679999999999923,5000,843,787,873,833
5.689999999999923,6000,836,766,858,833
5.699999999999923,6000,858,784,851,843
5.709999999999923,6000,862,803,873,881
5.7199999999999225,6000,873,826,877,865
5.729999999999922,6000,854,836,862,851
5.739999999999922,6000,840,851,847,826
5.749999999999922,6000,854,847,847,806
5.759999999999922,6000,858,851,851,826
5.769999999999921,6000,858,843,833,858
5.779999999999921,6000,862,851,840,858
5.789999999999921,6000,869,854,854,851
5.799999999999921,6000,892,843,862,862
5.809999999999921,6000,869,840,843,854
5.81999999999992,6000,869,840,851,865
5.82999999999992,6000,858,836,858,873
5.83999999999992,6000,854,862,858,873
5.84999999999992,6000,869,892,865,881
5.8599999999999195,6000,865,909,851,865
5.869999999999919,6000,873,900,881,833
5.879999999999919,6000,881,896,877,854
5.889999999999919,6000,881,888,869,854
5.899999999999919,6000,862,900,851,877
5.909999999999918,6000,881,904,854,869
5.919999999999918,6000,892,873,892,865
5.929999999999918,6000,909,858,884,888
5.939999999999918,6000,888,836,884,881
5.949999999999918,6000,877,833,881,900
5.959999999999917,6000,865,854,873,892
5.969999999999917,6000,865,858,892,888
5.979999999999917,6000,858,865,896,881
5.989999999999917,6000,840,854,888,869
5.9999999999999165,6000,843,854,892,873
6.009999999999916,6000,862,858,913,904
6.019999999999916,6000,877,873,917,904
6.029999999999916,6000,909,892,925,904
6.039999999999916,6000,925,900,917,900
6.0499999999999154,6000,921,900,892,909
6.059999999999915,6000,900,904,881,892
6.069999999999915,6000,921,909,884,884
6.079999999999915,6000,909,896,873,865
6.089999999999915,6000,877,892,836,826
6.099999999999914,6000,840,881,836,847
6.109999999999914,6000,858,873,854,858
6.119999999999914,6000,869,869,862,900
6.129999999999914,6000,884,854,869,909
6.1399999999999135,6000,888,843,892,917
6.149999999999913,6000,913,854,904,909
6.159999999999913,6000,904,881,904,938
6.169999999999913,6000,909,892,888,900
6.179999999999913,6000,881,917,884,873
6.1899999999999125,6000,862,917,888,840
6.199999999999912,6000,873,917,896,840
6.209999999999912,6000,888,913,896,869
6.219999999999912,6000,884,896,900,869
6.229999999999912,6000,869,854,877,884
6.239999999999911,6000,884,833,873,892
6.249999999999911,6000,877,829,892,917
6.259999999999911,6000,896,847,892,913
6.269999999999911,6000,913,854,881,909
6.2799999999999105,6000,904,865,858,892
6.28999999999991,6000,851,854,858,865
6.29999999999991,6000,833,862,877,869
6.30999999999991,6000,862,869,865,877
6.31999999999991,6000,862,877,862,881
6.3299999999999095,6000,884,888,881,881
6.339999999999909,6000,884,900,900,865
6.349999999999909,6000,909,909,921,877
6.359999999999909,6000,917,917,917,909
6.369999999999909,6000,904,909,881,884
6.379999999999908,6000,896,884,869,900
6.389999999999908,6000,869,884,877,892
6.399999999999908,6000,888,884,884,881
6.409999999999908,6000,884,888,881,854
6.419999999999908,6000,854,892,862,840
6.429999999999907,6000,851,884,869,865
6.439999999999907,6000,858,888,888,892
6.449999999999907,6000,900,900,904,913
6.459999999999907,6000,900,896,888,921
6.4699999999999065,6000,900,909,877,930
6.479999999999906,6000,909,892,888,917
6.489999999999906,6000,888,881,888,917
6.499999999999906,6000,877,862,873,896
6.509999999999906,6000,847,865,854,865
6.519999999999905,6000,843,858,862,865
6.529999999999905,6000,843,865,888,854
6.539999999999905,6000,865,865,904,869
6.549999999999905,6000,896,869,900,909
6.559999999999905,6000,896,892,873,913
6.569999999999904,6000,904,884,862,892
6.579999999999904,6000,877,888,877,873
6.589999999999904,6000,877,877,896,884
6.599999999999904,6000,913,854,896,917
6.6099999999999035,6000,930,869,881,930
6.619999999999903,6000,913,873,869,934
6.629999999999903,6000,888,896,884,934
6.639999999999903,6000,877,921,888,917
6.649999999999903,6000,900,925,888,877
6.659999999999902,6000,900,930,888,888
6.669999999999902,6000,896,934,900,873
6.679999999999902,6000,900,930,904,869
6.689999999999902,6000,888,909,869,854
6.699999999999902,6000,877,884,826,873
6.709999999999901,7000,836,865,826,869
6.719999999999901,7000,847,854,869,896
6.729999999999901,7000,896,869,888,904
6.739999999999901,7000,904,873,892,921
6.7499999999999005,7000,888,888,917,934
6.7599999999999,7000,904,865,934,921
6.7699999999999,7000,909,881,934,917
6.7799999999999,7000,925,881,909,913
6.7899999999999,7000,921,888,896,925
6.7999999999998995,7000,888,888,896,909
6.809999999999899,7000,884,865,909,892
6.819999999999899,7000,896,873,938,900
6.829999999999899,7000,925,877,938,909
6.839999999999899,7000,930,884,934,925
6.849999999999898,7000,913,896,913,904
6.859999999999898,7000,913,913,909,896
6.869999999999898,7000,917,921,917,884
6.879999999999898,7000,904,921,909,892
6.8899999999998975,7000,896,921,913,896
6.899999999999897,7000,909,925,909,896
6.909999999999897,7000,917,921,888,904
6.919999999999897,7000,917,934,909,921
6.929999999999897,7000,921,934,917,952
6.9399999999998965,7000,952,930,938,938
6.949999999999896,7000,934,934,934,956
6.959999999999896,7000,921,952,925,925
6.969999999999896,7000,938,947,904,900
6.979999999999896,7000,900,0,904,892
6.989999999999895,7000,881,913,900,904
6.999999999999895,7000,888,917,921,925
7.009999999999895,7000,930,921,913,925
7.019999999999895,7000,947,904,913,921
7.0299999999998946,7000,930,877,925,913
7.039999999999894,7000,913,865,934,921
7.049999999999894,7000,921,877,938,909
7.059999999999894,7000,917,884,943,917
7.069999999999894,7000,896,888,925,934
7.0799999999998935,7000,909,900,921,934
7.089999999999893,7000,900,900,938,917
7.099999999999893,7000,925,909,930,909
7.109999999999893,7000,925,917,921,925
7.119999999999893,7000,917,921,921,930
7.129999999999892,7000,930,934,904,921
7.139999999999892,7000,934,921,913,921
7.149999999999892,7000,925,917,917,934
7.159999999999892,7000,921,913,904,913
7.169999999999892,7000,917,934,881,904
7.179999999999891,7000,917,938,869,930
7.189999999999891,7000,909,956,900,934
7.199999999999891,7000,892,947,913,925
7.209999999999891,7000,943,938,925,913
7.2199999999998905,7000,947,925,904,930
7.22999999999989,7000,921,930,884,921
7.23999999999989,7000,917,921,904,917
7.24999999999989,7000,917,909,917,925
7.25999999999989,7000,904,900,934,947
7.269999999999889,7000,913,900,934,934
7.279999999999889,7000,930,904,921,934
7.289999999999889,7000,930,904,938,934
7.299999999999889,7000,943,909,947,917
7.309999999999889,7000,938,913,947,917
7.319999999999888,7000,938,909,930,917
7.329999999999888,7000,921,904,909,909
7.339999999999888,7000,913,913,909,913
7.349999999999888,7000,921,913,904,938
7.3599999999998875,7000,930,904,913,925
7.369999999999887,7000,900,900,913,913
7.379999999999887,7000,888,888,904,896
7.389999999999887,7000,909,892,900,913
7.399999999999887,7000,934,921,909,947
7.4099999999998865,7000,934,930,925,947
7.419999999999886,7000,913,934,913,925
7.429999999999886,7000,913,938,909,934
7.439999999999886,7000,930,925,900,934
7.449999999999886,7000,934,947,913,938
7.459999999999885,7000,938,956,934,961
7.469999999999885,7000,952,961,938,947
7.479999999999885,7000,917,970,934,943
7.489999999999885,7000,925,938,913,934
7.4999999999998845,7000,934,952,904,917
7.509999999999884,7000,917,947,900,917
7.519999999999884,7000,917,956,900,904
7.529999999999884,7000,900,925,921,930
7.539999999999884,7000,930,917,921,938
7.5499999999998835,7000,925,900,896,934
7.559999999999883,7000,892,851,892,943
7.569999999999883,7000,892,843,917,934
7.579999999999883,7000,896,862,938,934
7.589999999999883,7000,930,884,947,934
7.599999999999882,7000,930,909,921,934
7.609999999999882,7000,913,930,925,909
7.619999999999882,7000,913,947,930,904
7.629999999999882,7000,930,934,938,921
7.6399999999998816,7000,930,938,938,930
7.649999999999881,7000,913,956,917,921
7.659999999999881,7000,909,943,892,913
7.669999999999881,7000,909,921,881,934
7.679999999999881,7000,904,892,900,917
7.6899999999998805,7000,900,900,904,909
7.69999999999988,7000,884,900,877,917
7.70999999999988,7000,888,925,877,925
7.71999999999988,7000,896,930,888,900
7.72999999999988,7000,913,952,913,884
7.739999999999879,8000,900,947,930,909
7.749999999999879,8000,904,934,917,943
7.759999999999879,8000,913,938,904,930
7.769999999999879,8000,930,943,900,925
7.779999999999879,8000,947,938,930,961
7.789999999999878,8000,952,938,930,966
7.799999999999878,8000,943,934,938,975
7.809999999999878,8000,938,934,934,961
7.819999999999878,8000,956,917,947,938
7.8299999999998775,8000,952,888,934,904
7.839999999999877,8000,913,877,938,925
7.849999999999877,8000,904,888,943,917
7.859999999999877,8000,917,909,938,913
7.869999999999877,8000,938,930,930,930
7.879999999999876,8000,938,925,947,943
7.889999999999876,8000,966,934,956,930
7.899999999999876,8000,970,943,961,956
7.909999999999876,8000,961,943,952,938
7.919999999999876,8000,947,956,947,921
7.929999999999875,8000,947,961,938,896
7.939999999999875,8000,943,943,925,904
7.949999999999875,8000,925,938,917,925
7.959999999999875,8000,925,947,917,930
7.9699999999998745,8000,930,952,921,961
7.979999999999874,8000,943,970,934,980
7.989999999999874,8000,952,961,947,970
7.999999999999874,8000,985,975,947,966
8.009999999999874,8000,966,952,947,970
8.019999999999873,8000,938,947,934,970
8.029999999999873,8000,934,952,930,943
8.039999999999873,8000,917,947,938,943
8.049999999999873,8000,943,956,952,947
8.059999999999873,8000,956,952,956,956
8.069999999999872,8000,943,943,947,956
8.079999999999872,8000,947,938,961,975
8.089999999999872,8000,943,934,961,956
8.099999999999872,8000,934,934,947,966
8.109999999999872,8000,966,934,934,934
8.119999999999871,8000,970,925,952,934
8.129999999999871,8000,956,917,961,956
8.139999999999871,8000,966,917,947,947
8.14999999999987,8000,956,934,943,970
8.15999999999987,8000,952,952,952,956
8.16999999999987,8000,952,956,947,952
8.17999999999987,8000,956,970,952,966
8.18999999999987,8000,966,966,943,961
8.19999999999987,8000,943,975,952,956
8.20999999999987,8000,956,990,943,952
8.21999999999987,8000,961,980,952,980
8.229999999999869,8000,961,980,947,970
8.239999999999869,8000,970,985,934,961
8.249999999999869,8000,930,966,930,970
8.259999999999868,8000,970,975,947,961
8.269999999999868,8000,970,975,938,966
8.279999999999868,8000,934,980,943,947
8.289999999999868,8000,938,952,930,917
8.299999999999867,8000,938,925,930,961
8.309999999999867,8000,947,925,947,1005
8.319999999999867,8000,980,934,966,975
8.329999999999867,8000,970,913,970,975
8.339999999999867,8000,952,900,966,952
8.349999999999866,8000,934,917,947,970
8.359999999999866,8000,947,925,943,961
8.369999999999866,8000,966,930,952,956
8.379999999999866,8000,947,943,961,943
8.389999999999866,8000,952,947,970,938
8.399999999999865,8000,970,952,966,934
8.409999999999865,8000,966,938,952,961
8.419999999999865,8000,943,947,947,947
8.429999999999865,8000,938,947,943,970
8.439999999999864,8000,947,956,938,970
8.449999999999864,8000,952,934,938,943
8.459999999999864,8000,930,925,925,947
8.469999999999864,8000,921,943,943,943
8.479999999999864,8000,938,956,934,970
8.489999999999863,8000,938,966,930,961
8.499999999999863,8000,952,966,930,956
8.509999999999863,8000,970,975,961,970
8.519999999999863,8000,966,980,947,961
8.529999999999863,8000,961,995,952,943
8.539999999999862,8000,961,966,952,934
8.549999999999862,8000,961,956,943,921
8.559999999999862,8000,952,947,943,952
8.569999999999862,8000,909,947,952,952
8.579999999999862,8000,934,943,956,947
8.589999999999861,8000,952,947,952,952
8.599999999999861,8000,947,930,938,938
8.60999999999986,8000,947,917,938,938
8.61999999999986,8000,947,913,947,970
8.62999999999986,8000,943,913,947,952
8.63999999999986,8000,970,892,947,952
8.64999999999986,8000,934,913,947,975
8.65999999999986,8000,943,938,956,956
8.66999999999986,8000,947,961,947,966
8.67999999999986,8000,952,985,956,952
8.68999999999986,8000,961,985,938,956
8.699999999999859,8000,985,975,934,956
8.709999999999859,8000,934,952,930,930
8.719999999999859,8000,913,934,909,909
8.729999999999858,8000,938,917,913,921
8.739999999999858,8000,952,913,930,896
8.749999999999858,8000,975,925,943,913
8.759999999999858,8000,947,921,934,913
8.769999999999857,9000,900,938,947,909
8.779999999999857,9000,913,943,938,947
8.789999999999857,9000,943,952,925,961
8.799999999999857,9000,921,947,934,995
8.809999999999857,9000,966,966,966,1020
8.819999999999856,9000,970,961,961,1000
8.829999999999856,9000,961,930,952,995
8.839999999999856,9000,975,917,947,980
8.849999999999856,9000,956,921,952,980
8.859999999999856,9000,952,938,966,995
8.869999999999855,9000,956,952,980,961
8.879999999999855,9000,966,956,985,921
8.889999999999855,9000,980,966,975,896
8.899999999999855,9000,938,938,930,904
8.909999999999854,9000,900,921,881,909
8.919999999999854,9000,896,917,884,921
8.929999999999854,9000,900,921,913,961
8.939999999999854,9000,921,934,947,975
8.949999999999854,9000,947,952,985,966
8.959999999999853,9000,961,975,985,985
8.969999999999853,9000,990,990,990,990
8.979999999999853,9000,995,995,985,1000
8.989999999999853,9000,985,1020,956,1025
8.999999999999853,9000,934,1015,943,1000
9.009999999999852,9000,913,1010,956,1015
9.019999999999852,9000,947,1005,975,1005
9.029999999999852,9000,956,1025,952,1036
9.039999999999852,9000,980,1020,938,1000
9.049999999999851,9000,966,1010,947,995
9.059999999999851,9000,975,980,961,970
9.069999999999851,9000,966,956,970,970
9.07999999999985,9000,975,943,961,938
9.08999999999985,9000,961,921,966,952
9.09999999999985,9000,938,921,961,961
9.10999999999985,9000,956,930,952,956
9.11999999999985,9000,947,917,947,952
9.12999999999985,9000,921,909,961,943
9.13999999999985,9000,956,913,985,966
9.14999999999985,9000,966,0,990,1000
9.15999999999985,9000,975,956,985,1020
9.169999999999849,9000,1000,980,975,1005
9.179999999999849,9000,1000,990,961,990
9.189999999999849,9000,975,990,947,956
9.199999999999848,9000,975,1000,947,952
9.209999999999848,9000,956,990,943,961
9.219999999999848,9000,956,985,947,947
9.229999999999848,9000,966,985,952,1000
9.239999999999847,9000,975,985,952,995
9.249999999999847,9000,980,990,952,1020
9.259999999999847,9000,975,995,947,990
9.269999999999847,9000,990,1000,938,980
9.279999999999847,9000,966,990,938,938
9.289999999999846,9000,966,990,938,975
9.299999999999846,9000,970,985,930,970
9.309999999999846,9000,961,975,952,990
9.319999999999846,9000,961,975,980,1005
9.329999999999846,9000,947,980,985,995
9.339999999999845,9000,952,970,975,1005
9.349999999999845,9000,985,956,985,1005
9.359999999999845,9000,952,966,975,1000
9.369999999999845,9000,995,966,985,1041
9.379999999999844,9000,1000,980,1000,1010
9.389999999999844,9000,1005,985,980,1010
9.399999999999844,9000,970,975,966,1000
9.409999999999844,9000,952,970,975,1010
9.419999999999844,9000,966,980,980,980
9.429999999999843,9000,985,1010,1000,1010
9.439999999999843,9000,1000,1015,1000,1015
9.449999999999843,9000,990,1010,990,1010
9.459999999999843,9000,1010,1005,990,1041
9.469999999999843,9000,1005,1015,956,1010
9.479999999999842,9000,980,1010,975,1005
9.489999999999842,9000,1010,1000,980,995
9.499999999999842,9000,970,1010,985,1010
9.509999999999842,9000,1000,1010,985,990
9.519999999999841,9000,1000,1025,985,1005
9.529999999999841,9000,1010,1036,970,1000
9.539999999999841,9000,990,1005,975,1000
9.54999999999984,9000,995,995,985,1030
9.55999999999984,9000,995,980,995,1015
9.56999999999984,9000,1000,995,995,1025
9.57999999999984,9000,985,975,1010,1052
9.58999999999984,9000,1015,966,985,1010
9.59999999999984,9000,1005,961,966,1020
9.60999999999984,9000,980,947,970,975
9.61999999999984,9000,970,961,980,980
9.62999999999984,9000,980,980,995,961
9.639999999999839,9000,985,990,995,970
9.649999999999839,9000,1000,1000,1000,956
9.659999999999838,9000,980,1015,1000,990
9.669999999999838,9000,985,995,985,956
9.679999999999838,9000,961,990,961,966
9.689999999999838,9000,970,970,961,985
9.699999999999838,9000,990,985,961,990
9.709999999999837,9000,980,995,975,1000
9.719999999999837,9000,975,1020,975,1025
9.729999999999837,9000,1000,1020,970,970
9.739999999999837,9000,975,1000,975,990
9.749999999999837,9000,995,1000,990,990
9.759999999999836,9000,1000,990,975,1010
9.769999999999836,9000,1000,1015,975,1020
9.779999999999836,9000,1010,1015,985,1030
9.789999999999836,10000,1015,1015,985,990
9.799999999999836,10000,990,1005,995,947
9.809999999999835,10000,1000,1010,1020,956
9.819999999999835,10000,980,990,1000,990
9.829999999999835,10000,1015,966,990,1000
9.839999999999835,10000,966,956,970,1015
9.849999999999834,10000,985,985,975,990
9.859999999999834,10000,990,966,985,980
9.869999999999834,10000,990,966,995,980
9.879999999999834,10000,1000,975,1010,990
9.889999999999834,10000,1005,980,1015,1025
9.899999999999833,10000,1030,1005,1000,1020
9.909999999999833,10000,1000,1020,1005,1041
9.919999999999833,10000,1025,1015,975,1052
9.929999999999833,10000,995,1036,985,1015
9.939999999999833,10000,985,1041,990,1025
9.949999999999832,10000,995,1047,1010,1005
9.959999999999832,10000,1015,1041,1015,1036
9.969999999999832,10000,1015,1041,1005,1036
9.979999999999832,10000,1010,1020,1000,1005
9.989999999999831,10000,1025,1010,990,995
9.999999999999831,10000,980,1010,995,980
10.009999999999831,10000,1005,1015,970,990
10.01999999999983,10000,1010,1010,985,990
10.02999999999983,10000,1020,1030,980,1030
10.03999999999983,10000,995,1020,1005,1025
10.04999999999983,10000,1010,1015,1010,1047
10.05999999999983,10000,1015,1000,1010,1041
10.06999999999983,10000,1015,1000,1025,1030
10.07999999999983,10000,990,966,1005,1010
10.08999999999983,10000,980,970,980,995
10.09999999999983,10000,1000,975,985,995
10.109999999999829,10000,1005,995,1005,1010
10.119999999999829,10000,1000,1000,1020,1025
10.129999999999828,10000,1010,1030,1025,1010
10.139999999999828,10000,1030,1030,1020,1036
10.149999999999828,10000,1025,1015,1000,1005
10.159999999999828,10000,990,1025,1010,1020
10.169999999999828,10000,980,1005,1000,1030
10.179999999999827,10000,1015,995,970,1041
10.189999999999827,10000,1005,1010,956,1041
10.199999999999827,10000,1010,1010,956,1081
10.209999999999827,10000,980,1036,990,1005
10.219999999999827,10000,1015,1030,1010,1000
10.229999999999826,10000,1010,1047,1015,1000
10.239999999999826,10000,1030,1020,1015,995
10.249999999999826,10000,1015,1010,990,1030
10.259999999999826,10000,1000,1020,970,1015
10.269999999999825,10000,1020,1015,975,1010
10.279999999999825,10000,980,990,980,990
10.289999999999825,10000,1005,961,1005,995
10.299999999999825,10000,1010,947,1005,1025
10.309999999999825,10000,1020,961,1000,1005
10.319999999999824,10000,990,975,1010,1015
10.329999999999824,10000,995,966,1000,985
10.339999999999824,10000,995,980,1005,1015
10.349999999999824,10000,1005,970,1000,1010
10.359999999999824,10000,1025,980,1010,1020
10.369999999999823,10000,1005,1000,1020,1020
10.379999999999823,10000,1036,1025,1015,1000
10.389999999999823,10000,1041,1020,1030,995
10.399999999999823,10000,1030,1030,1036,980
10.409999999999823,10000,1025,1025,1010,1010
10.419999999999822,10000,970,1010,975,1005
10.429999999999822,10000,966,1010,956,1025
10.439999999999822,10000,966,995,970,1025
10.449999999999822,10000,1010,1010,970,1041
10.459999999999821,10000,1000,1015,961,1025
10.469999999999821,10000,1020,1010,1000,990
10.479999999999821,10000,1020,1025,1010,980
10.48999999999982,10000,1010,1010,1020,1005
10.49999999999982,10000,1036,1010,1020,1010
10.50999999999982,10000,990,1010,995,1036
10.51999999999982,10000,995,1005,985,1020
10.52999999999982,10000,990,1015,1005,1047
10.53999999999982,10000,985,1000,1015,1010
10.54999999999982,10000,1020,985,1010,1010
10.55999999999982,10000,1025,990,1015,1000
10.569999999999819,10000,1025,1000,1010,990
10.579999999999819,10000,1005,980,1005,985
10.589999999999819,10000,1005,990,1010,966
10.599999999999818,10000,975,985,995,980
10.609999999999818,10000,1000,995,975,1000
10.619999999999818,10000,1000,1000,966,1036
10.629999999999818,10000,1000,1025,990,1036
10.639999999999818,10000,1030,1025,980,1041
10.649999999999817,10000,995,1047,1015,1058
10.659999999999817,10000,1015,1030,995,1041
10.669999999999817,10000,1005,1041,970,1020
10.679999999999817,10000,1020,1020,966,985
10.689999999999817,10000,985,1030,956,1000
10.699999999999816,10000,975,1025,956,995
10.709999999999816,10000,956,1010,975,1025
10.719999999999816,10000,995,1020,990,1010
10.729999999999816,10000,990,1010,1005,1041
10.739999999999815,10000,1020,1005,1000,1015
10.749999999999815,10000,1025,995,1005,1030
10.759999999999815,10000,1005,985,995,1036
10.769999999999815,10000,1030,995,985,1036
10.779999999999815,10000,1015,985,985,1015
10.789999999999814,10000,1025,990,1000,1025
10.799999999999814,10000,1000,980,990,985
10.809999999999814,10000,975,952,995,995
