t,i1,i2,i3,i4,i5
0.0,0,0,0,0,0
0.01,0,0,0,0,0
0.02,0,0,0,0,0
0.03,0,0,0,0,0
0.04,0,0,0,0,0
0.05,0,0,0,0,0
0.060000000000000005,0,0,0,0,0
0.07,0,0,0,0,0
0.08,0,0,0,0,0
0.09,0,0,0,0,0
0.09999999999999999,0,0,0,0,0
0.10999999999999999,0,0,0,0,0
0.11999999999999998,0,0,0,0,0
0.12999999999999998,0,0,0,0,0
0.13999999999999999,0,0,0,0,0
0.15,0,0,0,0,0
0.16,0,0,0,0,0
0.17,0,0,0,0,0
0.18000000000000002,0,0,0,0,0
0.19000000000000003,0,0,0,0,0
0.20000000000000004,0,0,0,0,0
0.21000000000000005,0,0,0,0,0
0.22000000000000006,0,0,0,0,0
0.23000000000000007,0,0,0,0,0
0.24000000000000007,0,0,0,0,0
0.25000000000000006,0,0,0,0,0
0.26000000000000006,0,0,0,0,0
0.2700000000000001,0,0,0,0,0
0.2800000000000001,0,0,0,0,0
0.2900000000000001,0,0,0,0,0
0.3000000000000001,0,0,0,0,0
0.3100000000000001,0,0,0,0,0
0.3200000000000001,0,0,0,0,0
0.3300000000000001,0,0,0,0,0
0.34000000000000014,0,0,0,0,0
0.35000000000000014,0,0,0,0,0
0.36000000000000015,0,0,0,0,0
0.37000000000000016,0,0,0,0,0
0.38000000000000017,0,0,0,0,0
0.3900000000000002,0,0,0,0,0
0.4000000000000002,0,0,0,0,0
0.4100000000000002,0,0,0,0,0
0.4200000000000002,0,0,0,0,0
0.4300000000000002,0,0,0,0,0
0.4400000000000002,0,0,0,0,0
0.45000000000000023,0,0,0,0,0
0.46000000000000024,0,0,0,0,0
0.47000000000000025,0,0,0,0,0
0.48000000000000026,0,0,0,0,0
0.49000000000000027,0,0,0,0,0
0.5000000000000002,0,0,0,0,0
0.5100000000000002,0,0,0,0,0
0.5200000000000002,0,0,0,0,0
0.5300000000000002,0,0,0,0,0
0.5400000000000003,0,0,0,0,0
0.5500000000000003,0,0,0,0,0
0.5600000000000003,0,0,0,0,0
0.5700000000000003,0,0,0,0,0
0.5800000000000003,0,0,0,0,0
0.5900000000000003,0,0,0,0,0
0.6000000000000003,0,0,0,0,0
0.6100000000000003,0,0,0,0,0
0.6200000000000003,0,0,0,0,0
0.6300000000000003,0,0,0,0,0
0.6400000000000003,0,0,0,0,0
0.6500000000000004,0,0,0,0,0
0.6600000000000004,0,0,0,0,0
0.6700000000000004,0,0,0,0,0
0.6800000000000004,0,0,0,0,0
0.6900000000000004,0,0,0,0,0
0.7000000000000004,0,0,0,0,0
0.7100000000000004,0,0,0,0,0
0.7200000000000004,0,0,0,0,0
0.7300000000000004,0,0,0,0,0
0.7400000000000004,0,0,0,0,0
0.7500000000000004,0,0,0,0,0
0.7600000000000005,0,0,0,0,0
0.7700000000000005,0,0,0,0,0
0.7800000000000005,0,0,0,0,0
0.7900000000000005,0,0,0,0,0
0.8000000000000005,0,0,0,0,0
0.8100000000000005,0,0,0,0,0
0.8200000000000005,0,0,0,0,0
0.8300000000000005,0,0,0,0,0
0.8400000000000005,0,0,0,0,0
0.8500000000000005,0,0,0,0,0
0.8600000000000005,0,0,0,0,0
0.8700000000000006,0,0,0,0,0
0.8800000000000006,0,0,0,0,0
0.8900000000000006,0,0,0,0,0
0.9000000000000006,0,0,0,0,0
0.9100000000000006,0,0,0,0,0
0.9200000000000006,0,0,0,0,0
0.9300000000000006,0,0,0,0,0
0.9400000000000006,0,0,0,0,0
0.9500000000000006,0,0,0,0,0
0.9600000000000006,0,0,0,0,0
0.9700000000000006,0,0,0,0,0
0.9800000000000006,0,0,0,0,0
0.9900000000000007,0,0,0,0,0
1.0000000000000007,0,0,0,0,0
1.0100000000000007,0,0,0,0,0
1.0200000000000007,0,0,0,0,0
1.0300000000000007,0,0,0,0,0
1.0400000000000007,0,0,0,0,0
1.0500000000000007,0,0,0,0,0
1.0600000000000007,0,0,0,0,0
1.0700000000000007,0,0,0,0,0
1.0800000000000007,0,0,0,0,0
1.0900000000000007,0,0,0,0,0
1.1000000000000008,0,0,0,0,0
1.1100000000000008,0,0,0,0,0
1.1200000000000008,0,0,0,0,0
1.1300000000000008,0,0,0,0,0
1.1400000000000008,0,0,0,0,0
1.1500000000000008,0,0,0,0,0
1.1600000000000008,0,0,0,0,0
1.1700000000000008,0,0,0,0,0
1.1800000000000008,0,0,0,0,0
1.1900000000000008,0,0,0,0,0
1.2000000000000008,0,0,0,0,0
1.2100000000000009,0,0,0,0,0
1.2200000000000009,0,0,0,0,0
1.2300000000000009,0,0,0,0,0
1.2400000000000009,0,0,0,0,0
1.2500000000000009,0,0,0,0,0
1.260000000000001,0,0,0,0,0
1.270000000000001,0,0,0,0,0
1.280000000000001,0,0,0,0,0
1.290000000000001,0,0,0,0,0
1.300000000000001,0,0,0,0,0
1.310000000000001,0,0,0,0,0
1.320000000000001,0,0,0,0,0
1.330000000000001,0,0,0,0,0
1.340000000000001,0,0,0,0,0
1.350000000000001,0,0,0,0,0
1.360000000000001,0,0,0,0,0
1.370000000000001,0,0,0,0,0
1.380000000000001,0,0,0,0,0
1.390000000000001,0,0,0,0,0
1.400000000000001,0,0,0,0,0
1.410000000000001,0,0,0,0,0
1.420000000000001,0,0,0,0,0
1.430000000000001,0,0,0,0,0
1.440000000000001,0,0,0,0,0
1.450000000000001,0,0,0,0,0
1.460000000000001,0,0,0,0,0
1.470000000000001,0,0,0,0,0
1.480000000000001,0,0,0,0,0
1.490000000000001,0,0,0,0,0
1.500000000000001,0,0,0,0,0
1.5100000000000011,0,0,0,0,0
1.5200000000000011,0,0,0,0,0
1.5300000000000011,0,0,0,0,0
1.5400000000000011,0,0,0,0,0
1.5500000000000012,0,0,0,0,0
1.5600000000000012,0,0,0,0,0
1.5700000000000012,0,0,0,0,0
1.5800000000000012,0,0,0,0,0
1.5900000000000012,0,0,0,0,0
1.6000000000000012,0,0,0,0,0
1.6100000000000012,0,0,0,0,0
1.6200000000000012,0,0,0,0,0
1.6300000000000012,0,0,0,0,0
1.6400000000000012,0,0,0,0,0
1.6500000000000012,0,0,0,0,0
1.6600000000000013,0,0,0,0,0
1.6700000000000013,0,0,0,0,0
1.6800000000000013,0,0,0,0,0
1.6900000000000013,0,0,0,0,0
1.7000000000000013,0,0,0,0,0
1.7100000000000013,0,0,0,0,0
1.7200000000000013,0,0,0,0,0
1.7300000000000013,0,0,0,0,0
1.7400000000000013,0,0,0,0,0
1.7500000000000013,0,0,0,0,0
1.7600000000000013,0,0,0,0,0
1.7700000000000014,0,0,0,0,0
1.7800000000000014,0,0,0,0,0
1.7900000000000014,0,0,0,0,0
1.8000000000000014,0,0,0,0,0
1.8100000000000014,0,0,0,0,0
1.8200000000000014,0,0,0,0,0
1.8300000000000014,0,0,0,0,0
1.8400000000000014,0,0,0,0,0
1.8500000000000014,0,0,0,0,0
1.8600000000000014,0,0,0,0,0
1.8700000000000014,0,0,0,0,0
1.8800000000000014,0,0,0,0,0
1.8900000000000015,0,0,0,0,0
1.9000000000000015,1000,0,0,0,0
1.9100000000000015,1000,0,0,0,0
1.9200000000000015,1000,0,0,0,0
1.9300000000000015,1000,0,0,0,0
1.9400000000000015,1000,0,0,0,0
1.9500000000000015,1000,0,0,0,0
1.9600000000000015,1000,0,0,0,0
1.9700000000000015,1000,0,0,0,0
1.9800000000000015,1000,0,0,0,0
1.9900000000000015,1000,0,0,0,0
2.0000000000000013,1000,0,0,0,0
2.010000000000001,1000,0,0,0,0
2.020000000000001,1000,0,0,0,0
2.0300000000000007,1000,0,0,0,0
2.0400000000000005,1000,0,0,0,0
2.0500000000000003,1000,0,0,0,0
2.06,1000,0,0,0,0
2.07,1000,0,0,0,0
2.0799999999999996,1000,0,0,0,0
2.0899999999999994,1000,0,0,0,0
2.099999999999999,1000,0,0,0,0
2.109999999999999,1000,0,0,0,0
2.1199999999999988,1000,0,0,0,0
2.1299999999999986,1000,0,0,0,0
2.1399999999999983,1000,0,0,0,0
2.149999999999998,1000,0,0,0,0
2.159999999999998,1000,0,0,0,0
2.1699999999999977,1000,0,0,0,0
2.1799999999999975,1000,0,0,0,0
2.1899999999999973,1000,0,0,0,0
2.199999999999997,1000,0,0,0,0
2.209999999999997,1000,0,0,0,0
2.2199999999999966,1000,0,0,0,0
2.2299999999999964,1000,0,0,0,0
2.239999999999996,1000,0,0,0,0
2.249999999999996,1000,0,0,0,0
2.259999999999996,1000,0,0,0,0
2.2699999999999956,1000,0,0,0,0
2.2799999999999954,1000,0,0,0,0
2.289999999999995,1000,0,0,0,0
2.299999999999995,1000,0,0,0,0
2.3099999999999947,1000,0,0,0,0
2.3199999999999945,1000,0,0,0,0
2.3299999999999943,1000,0,0,0,0
2.339999999999994,1000,0,0,0,0
2.349999999999994,1000,0,0,0,0
2.3599999999999937,1000,0,0,0,0
2.3699999999999934,1000,0,0,0,0
2.3799999999999932,1000,0,0,0,0
2.389999999999993,1000,0,0,0,0
2.399999999999993,1000,0,0,0,0
2.4099999999999926,1000,0,0,0,0
2.4199999999999924,1000,0,0,0,0
2.429999999999992,1000,0,0,0,0
2.439999999999992,1000,0,0,0,0
2.4499999999999917,1000,0,0,0,0
2.4599999999999915,1000,0,0,0,0
2.4699999999999913,1000,0,0,0,0
2.479999999999991,1000,0,0,0,0
2.489999999999991,1000,0,0,0,0
2.4999999999999907,1000,0,0,0,0
2.5099999999999905,1000,0,0,0,0
2.5199999999999902,1000,0,0,0,0
2.52999999999999,1000,0,0,0,0
2.53999999999999,1000,0,0,0,0
2.5499999999999896,1000,0,0,0,0
2.5599999999999894,1000,0,0,0,0
2.569999999999989,1000,0,0,0,0
2.579999999999989,1000,0,0,0,0
2.5899999999999888,1000,0,0,0,0
2.5999999999999885,1000,0,0,0,0
2.6099999999999883,1000,0,0,0,0
2.619999999999988,1000,0,0,0,0
2.629999999999988,1000,0,0,0,0
2.6399999999999877,1000,0,0,0,0
2.6499999999999875,1000,0,0,0,0
2.6599999999999873,1000,0,0,0,0
2.669999999999987,1000,0,0,0,0
2.679999999999987,1000,0,0,0,0
2.6899999999999866,1000,0,0,0,0
2.6999999999999864,1000,0,0,0,0
2.709999999999986,1000,0,0,0,0
2.719999999999986,1000,0,0,0,0
2.7299999999999858,1000,0,0,0,0
2.7399999999999856,1000,0,0,0,0
2.7499999999999853,1000,0,0,0,0
2.759999999999985,1000,0,0,0,0
2.769999999999985,1000,0,0,0,0
2.7799999999999847,1000,0,0,0,0
2.7899999999999845,1000,0,0,0,0
2.7999999999999843,1000,0,0,0,0
2.809999999999984,1000,0,0,0,0
2.819999999999984,1000,0,0,0,0
2.8299999999999836,1000,0,0,0,0
2.8399999999999834,1000,0,0,0,0
2.849999999999983,1000,0,0,0,0
2.859999999999983,1000,0,0,0,0
2.869999999999983,1000,0,0,0,0
2.8799999999999826,1000,0,0,0,0
2.8899999999999824,1000,0,0,0,0
2.899999999999982,1000,0,0,0,0
2.909999999999982,1000,0,0,0,0
2.9199999999999817,1000,0,0,0,0
2.9299999999999815,1000,0,0,0,0
2.9399999999999813,1000,0,0,0,0
2.949999999999981,1000,0,0,0,0
2.959999999999981,1000,0,0,0,0
2.9699999999999807,1000,0,0,0,0
2.9799999999999804,1000,0,0,0,0
2.9899999999999802,1000,0,0,0,0
2.99999999999998,1000,0,0,0,0
3.00999999999998,1000,0,0,0,0
3.0199999999999796,1000,0,0,0,0
3.0299999999999794,1000,0,0,0,0
3.039999999999979,1000,0,0,0,0
3.049999999999979,1000,0,0,0,0
3.0599999999999787,1000,0,0,0,0
3.0699999999999785,1000,0,0,0,0
3.0799999999999783,1000,0,0,0,0
3.089999999999978,1000,0,0,0,0
3.099999999999978,1000,0,0,0,0
3.1099999999999777,1000,0,0,0,0
3.1199999999999775,1000,0,0,0,0
3.1299999999999772,1000,0,0,0,0
3.139999999999977,1000,0,0,0,0
3.149999999999977,1000,0,0,0,0
3.1599999999999766,1000,0,0,5,0
3.1699999999999764,1000,0,0,5,0
3.179999999999976,1000,0,0,5,0
3.189999999999976,1000,0,0,5,0
3.1999999999999758,1000,0,0,5,0
3.2099999999999755,1000,0,0,5,0
3.2199999999999753,1000,0,0,5,0
3.229999999999975,1000,0,0,5,0
3.239999999999975,1000,0,0,5,0
3.2499999999999747,1000,0,0,5,0
3.2599999999999745,1000,0,0,5,0
3.2699999999999743,1000,0,0,5,0
3.279999999999974,1000,0,0,5,0
3.289999999999974,1000,0,0,5,0
3.2999999999999736,1000,0,0,5,0
3.3099999999999734,1000,0,0,5,0
3.319999999999973,1000,0,0,0,0
3.329999999999973,1000,0,0,0,0
3.3399999999999728,1000,0,0,0,0
3.3499999999999726,1000,0,0,0,0
3.3599999999999723,1000,0,0,0,0
3.369999999999972,1000,0,0,0,0
3.379999999999972,1000,0,0,0,0
3.3899999999999717,1000,0,0,0,0
3.3999999999999715,1000,0,0,0,0
3.4099999999999713,1000,0,0,0,0
3.419999999999971,1000,0,0,0,0
3.429999999999971,1000,0,0,0,0
3.4399999999999706,1000,0,0,0,0
3.4499999999999704,1000,0,0,0,0
3.45999999999997,1000,0,0,0,0
3.46999999999997,1000,0,0,0,0
3.47999999999997,1000,0,0,0,0
3.4899999999999696,1000,0,0,0,0
3.4999999999999694,1000,0,0,0,0
3.509999999999969,1000,0,0,0,0
3.519999999999969,1000,0,0,0,0
3.5299999999999687,1000,0,0,0,0
3.5399999999999685,1000,0,0,0,0
3.5499999999999683,1000,0,0,0,0
3.559999999999968,1000,0,0,0,0
3.569999999999968,1000,0,0,9,0
3.5799999999999677,1000,0,0,9,0
3.5899999999999674,1000,0,0,9,0
3.5999999999999672,1000,0,0,9,0
3.609999999999967,1000,0,0,9,0
3.619999999999967,1000,0,0,9,0
3.6299999999999666,1000,0,0,9,0
3.6399999999999664,1000,0,0,9,0
3.649999999999966,1000,0,0,9,0
3.659999999999966,1000,0,0,9,0
3.6699999999999657,1000,0,0,9,0
3.6799999999999655,1000,0,0,9,0
3.6899999999999653,1000,0,0,9,0
3.699999999999965,1000,0,0,9,0
3.709999999999965,1000,0,0,9,0
3.7199999999999647,1000,0,0,9,0
3.7299999999999645,1000,0,0,9,0
3.7399999999999642,1000,0,0,0,0
3.749999999999964,1000,0,0,0,0
3.759999999999964,1000,0,0,0,0
3.7699999999999636,1000,0,0,0,0
3.7799999999999634,1000,0,0,0,0
3.789999999999963,1000,0,0,0,0
3.799999999999963,1000,0,0,0,0
3.8099999999999627,1000,0,0,0,0
3.8199999999999625,1000,0,0,0,0
3.8299999999999623,1000,0,0,0,0
3.839999999999962,1000,0,0,0,0
3.849999999999962,1000,0,0,0,0
3.8599999999999617,1000,0,0,0,0
3.8699999999999615,1000,0,0,0,0
3.8799999999999613,1000,0,0,0,0
3.889999999999961,1000,0,0,0,0
3.899999999999961,1000,0,0,0,0
3.9099999999999606,1000,0,0,0,0
3.9199999999999604,2000,0,0,0,0
3.92999999999996,2000,0,0,0,0
3.93999999999996,2000,0,0,0,0
3.9499999999999598,2000,0,0,0,0
3.9599999999999596,2000,0,0,10,0
3.9699999999999593,2000,0,0,10,0
3.979999999999959,2000,0,0,10,0
3.989999999999959,2000,0,0,10,0
3.9999999999999587,2000,0,0,10,0
4.009999999999959,2000,0,0,10,0
4.019999999999959,2000,0,0,10,0
4.0299999999999585,2000,5,0,10,0
4.039999999999958,2000,5,0,50,8
4.049999999999958,2000,5,49,50,8
4.059999999999958,2000,5,49,50,8
4.069999999999958,2000,5,49,50,8
4.079999999999957,2000,74,49,50,8
4.089999999999957,2000,74,49,71,8
4.099999999999957,2000,74,49,71,67
4.109999999999957,2000,74,69,71,67
4.119999999999957,2000,74,69,71,67
4.129999999999956,2000,81,69,71,67
4.139999999999956,2000,81,69,71,67
4.149999999999956,2000,81,69,72,67
4.159999999999956,2000,81,73,72,70
4.1699999999999555,2000,81,73,72,70
4.179999999999955,2000,78,73,72,70
4.189999999999955,2000,78,73,72,70
4.199999999999955,2000,78,73,72,70
4.209999999999955,2000,78,83,68,76
4.2199999999999545,2000,78,83,68,76
4.229999999999954,2000,78,83,68,76
4.239999999999954,2000,73,83,68,76
4.249999999999954,2000,73,83,68,76
4.259999999999954,2000,73,91,82,78
4.269999999999953,2000,73,91,82,78
4.279999999999953,2000,98,91,82,78
4.289999999999953,2000,98,91,82,78
4.299999999999953,2000,98,98,96,102
4.3099999999999525,2000,98,98,96,102
4.319999999999952,2000,101,98,96,102
4.329999999999952,2000,101,98,96,118
4.339999999999952,2000,101,105,107,118
4.349999999999952,2000,101,105,107,118
4.3599999999999515,2000,108,105,107,118
4.369999999999951,2000,108,117,117,121
4.379999999999951,2000,108,117,117,121
4.389999999999951,2000,131,117,117,121
4.399999999999951,2000,131,130,123,122
4.40999999999995,2000,131,130,123,122
4.41999999999995,2000,130,130,123,122
4.42999999999995,2000,130,145,130,131
4.43999999999995,2000,130,145,130,131
4.4499999999999496,2000,115,145,130,131
4.459999999999949,2000,115,148,130,138
4.469999999999949,2000,115,148,121,138
4.479999999999949,2000,115,147,121,138
4.489999999999949,2000,117,147,121,146
4.4999999999999485,2000,117,147,111,146
4.509999999999948,2000,117,136,111,146
4.519999999999948,2000,130,136,111,141
4.529999999999948,2000,130,136,111,141
4.539999999999948,2000,144,140,120,137
4.549999999999947,2000,144,140,120,137
4.559999999999947,2000,144,140,120,137
4.569999999999947,2000,149,154,144,143
4.579999999999947,2000,149,154,144,143
4.589999999999947,2000,149,169,148,143
4.599999999999946,2000,150,169,148,151
4.609999999999946,2000,150,169,148,151
4.619999999999946,2000,166,158,159,168
4.629999999999946,2000,166,158,159,168
4.6399999999999455,2000,166,162,174,168
4.649999999999945,2000,162,162,174,181
4.659999999999945,2000,162,162,174,181
4.669999999999945,2000,168,167,174,186
4.679999999999945,2000,168,167,174,186
4.689999999999944,2000,184,180,183,178
4.699999999999944,2000,184,180,183,178
4.709999999999944,2000,196,197,187,169
4.719999999999944,2000,196,197,187,169
4.729999999999944,2000,205,195,196,169
4.739999999999943,2000,205,195,196,175
4.749999999999943,2000,212,201,201,175
4.759999999999943,2000,212,201,201,193
4.769999999999943,2000,213,208,205,193
4.7799999999999425,2000,213,208,205,204
4.789999999999942,2000,210,214,212,204
4.799999999999942,2000,210,228,212,224
4.809999999999942,2000,204,228,213,247
4.819999999999942,2000,204,237,215,247
4.8299999999999415,2000,213,237,215,253
4.839999999999941,2000,213,238,227,252
4.849999999999941,2000,231,238,227,252
4.859999999999941,2000,245,234,229,237
4.869999999999941,2000,245,246,229,237
4.87999999999994,2000,248,246,237,225
4.88999999999994,2000,259,243,254,225
4.89999999999994,2000,259,247,254,225
4.90999999999994,2000,272,247,251,241
4.9199999999999395,2000,279,256,245,241
4.929999999999939,2000,279,256,245,253
4.939999999999939,2000,277,254,249,266
4.949999999999939,2000,275,259,249,266
4.959999999999939,2000,275,259,253,270
4.9699999999999385,2000,270,257,270,279
4.979999999999938,2000,267,264,270,279
4.989999999999938,2000,267,264,268,281
4.999999999999938,2000,261,266,285,278
5.009999999999938,2000,271,273,291,278
5.019999999999937,2000,271,273,291,267
5.029999999999937,2000,280,290,294,284
5.039999999999937,2000,288,303,305,284
5.049999999999937,2000,288,302,309,290
5.0599999999999365,2000,293,302,309,304
5.069999999999936,2000,303,314,315,321
5.079999999999936,2000,296,316,319,321
5.089999999999936,2000,296,310,317,321
5.099999999999936,2000,295,310,317,317
5.1099999999999355,2000,308,303,310,310
5.119999999999935,2000,315,298,320,311
5.129999999999935,2000,314,295,318,311
5.139999999999935,2000,314,295,318,311
5.149999999999935,2000,318,296,318,307
5.159999999999934,2000,333,312,320,310
5.169999999999934,2000,341,318,328,310
5.179999999999934,2000,344,329,329,310
5.189999999999934,2000,350,329,332,319
5.199999999999934,2000,350,332,334,332
5.209999999999933,2000,345,330,334,324
5.219999999999933,2000,345,330,331,325
5.229999999999933,2000,343,336,331,325
5.239999999999933,2000,347,348,331,334
5.2499999999999325,2000,355,348,340,341
5.259999999999932,2000,348,352,340,353
5.269999999999932,2000,348,348,339,358
5.279999999999932,2000,338,343,340,360
5.289999999999932,2000,337,338,349,350
5.299999999999931,2000,336,344,348,344
5.309999999999931,2000,333,352,356,344
5.319999999999931,2000,336,352,365,347
5.329999999999931,2000,336,348,371,355
5.339999999999931,2000,343,351,375,362
5.34999999999993,2000,358,341,375,357
5.35999999999993,2000,368,342,373,356
5.36999999999993,2000,369,356,370,355
5.37999999999993,2000,372,364,375,350
5.3899999999999295,2000,366,373,369,350
5.399999999999929,2000,356,372,373,351
5.409999999999929,2000,352,372,376,353
5.419999999999929,2000,352,366,367,360
5.429999999999929,2000,347,368,367,363
5.4399999999999284,2000,352,374,364,359
5.449999999999928,2000,364,376,368,363
5.459999999999928,2000,371,374,367,358
5.469999999999928,2000,380,371,367,355
5.479999999999928,2000,380,372,356,355
5.489999999999927,2000,385,380,358,356
5.499999999999927,2000,401,384,367,355
5.509999999999927,2000,404,380,367,366
5.519999999999927,2000,397,377,371,369
5.5299999999999265,2000,390,366,375,365
5.539999999999926,2000,383,366,380,361
5.549999999999926,2000,364,361,388,364
5.559999999999926,2000,353,366,392,372
5.569999999999926,2000,353,366,389,379
5.5799999999999255,2000,341,370,386,379
5.589999999999925,2000,349,367,380,379
5.599999999999925,2000,362,370,373,382
5.609999999999925,2000,372,370,377,385
5.619999999999925,2000,377,365,377,388
5.629999999999924,2000,371,366,368,392
5.639999999999924,2000,366,363,365,391
5.649999999999924,2000,372,363,368,381
5.659999999999924,2000,376,362,363,371
5.6699999999999235,2000,377,369,365,363
5.679999999999923,2000,377,381,364,352
5.689999999999923,2000,383,387,370,358
5.699999999999923,2000,387,388,379,369
5.709999999999923,2000,391,389,384,380
5.7199999999999225,2000,384,400,385,387
5.729999999999922,2000,368,400,388,382
5.739999999999922,2000,369,399,382,382
5.749999999999922,2000,374,400,382,385
5.759999999999922,2000,378,402,382,390
5.769999999999921,2000,381,385,388,392
5.779999999999921,2000,383,366,382,388
5.789999999999921,2000,388,361,382,377
5.799999999999921,2000,391,367,377,367
5.809999999999921,2000,389,377,372,365
5.81999999999992,2000,388,374,375,368
5.82999999999992,2000,388,382,376,375
5.83999999999992,2000,373,387,373,379
5.84999999999992,2000,369,380,377,378
5.8599999999999195,2000,369,380,374,381
5.869999999999919,2000,372,383,374,388
5.879999999999919,2000,374,385,373,381
5.889999999999919,2000,370,388,369,388
5.899999999999919,2000,365,394,375,400
5.909999999999918,2000,367,400,375,397
5.919999999999918,2000,369,394,379,395
5.929999999999918,2000,363,384,385,384
5.939999999999918,3000,370,378,391,384
5.949999999999918,3000,394,379,391,380
5.959999999999917,3000,416,400,411,386
5.969999999999917,3000,439,417,434,392
5.979999999999917,3000,452,429,439,410
5.989999999999917,3000,457,435,448,421
5.9999999999999165,3000,463,435,440,439
6.009999999999916,3000,461,443,444,451
6.019999999999916,3000,451,436,443,450
6.029999999999916,3000,437,435,436,447
6.039999999999916,3000,442,437,434,445
6.0499999999999154,3000,456,456,436,448
6.059999999999915,3000,458,472,440,462
6.069999999999915,3000,465,475,468,467
6.079999999999915,3000,463,495,472,481
6.089999999999915,3000,457,495,472,482
6.099999999999914,3000,465,499,471,490
6.109999999999914,3000,464,494,481,495
6.119999999999914,3000,480,492,484,503
6.129999999999914,3000,485,511,508,500
6.1399999999999135,3000,492,517,513,503
6.149999999999913,3000,520,518,512,509
6.159999999999913,3000,521,519,530,523
6.169999999999913,3000,514,517,531,518
6.179999999999913,3000,523,508,535,513
6.1899999999999125,3000,528,506,520,509
6.199999999999912,3000,529,534,521,528
6.209999999999912,3000,549,550,522,537
6.219999999999912,3000,560,549,535,545
6.229999999999912,3000,565,566,535,573
6.239999999999911,3000,556,552,538,570
6.249999999999911,3000,550,542,529,577
6.259999999999911,3000,537,550,548,567
6.269999999999911,3000,535,550,542,554
6.2799999999999105,3000,533,548,549,557
6.28999999999991,3000,540,548,559,558
6.29999999999991,3000,548,541,564,549
6.30999999999991,3000,557,561,572,553
6.31999999999991,3000,558,557,581,549
6.3299999999999095,3000,573,554,573,578
6.339999999999909,3000,564,572,587,578
6.349999999999909,3000,572,576,570,554
6.359999999999909,3000,569,595,590,542
6.369999999999909,3000,589,601,583,540
6.379999999999908,3000,597,607,588,565
6.389999999999908,3000,601,601,579,583
6.399999999999908,3000,605,579,576,598
6.409999999999908,3000,595,575,579,612
6.419999999999908,3000,585,565,572,610
6.429999999999907,3000,581,578,584,609
6.439999999999907,3000,596,579,579,586
6.449999999999907,3000,587,599,599,583
6.459999999999907,3000,599,604,593,577
6.4699999999999065,3000,583,609,602,589
6.479999999999906,3000,580,599,593,593
6.489999999999906,3000,582,598,614,598
6.499999999999906,3000,580,599,606,593
6.509999999999906,3000,581,589,602,580
6.519999999999905,3000,580,591,597,572
6.529999999999905,3000,601,595,606,557
6.539999999999905,3000,610,605,603,575
6.549999999999905,3000,631,611,594,578
6.559999999999905,3000,624,602,592,606
6.569999999999904,3000,615,586,586,603
6.579999999999904,3000,604,588,590,609
6.589999999999904,3000,622,585,581,602
6.599999999999904,3000,610,595,601,606
6.6099999999999035,3000,615,589,598,602
6.619999999999903,3000,598,590,616,597
6.629999999999903,3000,596,588,606,593
6.639999999999903,3000,583,602,622,596
6.649999999999903,3000,593,606,613,600
6.659999999999902,3000,581,620,635,605
6.669999999999902,3000,592,627,624,611
6.679999999999902,3000,588,640,626,620
6.689999999999902,3000,597,634,613,629
6.699999999999902,3000,606,636,606,621
6.709999999999901,3000,626,617,598,616
6.719999999999901,3000,637,619,597,613
6.729999999999901,3000,644,613,596,608
6.739999999999901,3000,645,617,595,606
6.7499999999999005,3000,645,617,597,606
6.7599999999999,3000,634,615,605,620
6.7699999999999,3000,626,608,609,614
6.7799999999999,3000,603,605,607,621
6.7899999999999,3000,593,619,605,611
6.7999999999998995,3000,583,628,626,621
6.809999999999899,3000,584,642,615,614
6.819999999999899,3000,578,631,626,626
6.829999999999899,3000,602,623,626,614
6.839999999999899,3000,603,606,641,614
6.849999999999898,3000,618,617,626,606
6.859999999999898,3000,601,612,617,601
6.869999999999898,3000,604,621,605,596
6.879999999999898,3000,605,612,600,611
6.8899999999998975,3000,627,614,597,607
6.899999999999897,3000,630,623,593,597
6.909999999999897,3000,634,630,598,599
6.919999999999897,3000,631,621,595,615
6.929999999999897,3000,619,611,594,613
6.9399999999998965,3000,621,619,609,608
6.949999999999896,3000,609,613,613,603
6.959999999999896,3000,587,617,619,613
6.969999999999896,3000,580,620,632,615
6.979999999999896,3000,578,623,629,621
6.989999999999895,3000,586,620,625,612
6.999999999999895,3000,588,620,625,628
7.009999999999895,3000,611,620,617,621
7.019999999999895,3000,615,625,616,632
7.0299999999998946,3000,642,622,622,638
7.039999999999894,3000,654,620,625,636
7.049999999999894,3000,660,612,634,631
7.059999999999894,3000,649,625,633,613
7.069999999999894,3000,631,614,630,615
7.0799999999998935,3000,615,621,627,614
7.089999999999893,3000,597,626,636,622
7.099999999999893,3000,591,625,619,611
7.109999999999893,3000,583,617,619,624
7.119999999999893,3000,600,621,607,615
7.129999999999892,3000,600,630,609,617
7.139999999999892,3000,633,631,611,615
7.149999999999892,3000,634,651,614,627
7.159999999999892,3000,631,642,622,632
7.169999999999892,3000,613,637,613,627
7.179999999999891,3000,613,607,603,606
7.189999999999891,3000,628,613,601,606
7.199999999999891,3000,635,629,617,602
7.209999999999891,3000,648,632,616,610
7.2199999999998905,3000,641,632,637,601
7.22999999999989,3000,624,623,622,594
7.23999999999989,3000,611,604,641,583
7.24999999999989,3000,624,592,631,598
7.25999999999989,3000,612,616,653,600
7.269999999999889,3000,586,617,649,621
7.279999999999889,3000,569,621,632,623
7.289999999999889,3000,569,616,629,627
7.299999999999889,3000,585,621,612,619
7.309999999999889,3000,590,607,620,618
7.319999999999888,3000,619,613,608,607
7.329999999999888,3000,631,613,622,606
7.339999999999888,3000,646,618,616,607
7.349999999999888,3000,640,609,614,598
7.3599999999998875,3000,635,610,606,605
7.369999999999887,3000,654,611,612,612
7.379999999999887,3000,654,621,615,616
7.389999999999887,3000,650,619,624,612
7.399999999999887,3000,631,628,624,613
7.4099999999998865,3000,629,623,624,621
7.419999999999886,3000,638,632,627,629
7.429999999999886,3000,621,619,630,629
7.439999999999886,3000,596,616,628,628
7.449999999999886,3000,578,610,634,618
7.459999999999885,3000,586,610,637,608
7.469999999999885,3000,589,620,635,610
7.479999999999885,3000,609,625,623,627
7.489999999999885,3000,612,631,612,623
7.4999999999998845,3000,635,633,615,624
7.509999999999884,3000,640,641,614,617
7.519999999999884,3000,660,635,628,629
7.529999999999884,3000,648,633,609,627
7.539999999999884,3000,644,624,612,633
7.5499999999998835,3000,631,629,594,632
7.559999999999883,3000,613,637,610,634
7.569999999999883,3000,597,634,603,637
7.579999999999883,3000,596,638,609,636
7.589999999999883,3000,613,627,596,627
7.599999999999882,3000,625,614,613,619
7.609999999999882,3000,638,606,620,620
7.619999999999882,3000,631,628,626,609
7.629999999999882,3000,614,620,638,609
7.6399999999998816,3000,609,609,635,591
7.649999999999881,3000,613,589,644,595
7.659999999999881,3000,612,600,623,582
7.669999999999881,3000,623,600,611,593
7.679999999999881,3000,626,626,588,590
7.6899999999998805,3000,625,629,580,614
7.69999999999988,3000,623,636,583,616
7.70999999999988,3000,640,621,601,624
7.71999999999988,3000,634,613,612,615
7.72999999999988,3000,634,611,616,604
7.739999999999879,3000,606,608,623,593
7.749999999999879,3000,603,606,635,607
7.759999999999879,3000,612,611,643,610
7.769999999999879,3000,618,606,647,615
7.779999999999879,3000,615,608,627,611
7.789999999999878,3000,614,602,621,615
7.799999999999878,3000,631,607,611,616
7.809999999999878,3000,639,612,627,633
7.819999999999878,3000,643,621,621,632
7.8299999999998775,3000,624,632,632,634
7.839999999999877,3000,606,634,624,619
7.849999999999877,3000,584,630,618,620
7.859999999999877,3000,592,617,599,606
7.869999999999877,3000,594,621,599,607
7.879999999999876,3000,619,617,610,618
7.889999999999876,3000,616,613,606,619
7.899999999999876,3000,625,597,607,604
7.909999999999876,3000,614,608,593,601
7.919999999999876,3000,606,605,570,613
7.929999999999875,3000,610,632,559,615
7.939999999999875,3000,622,627,561,629
7.949999999999875,3000,612,637,589,627
7.959999999999875,4000,597,634,606,611
7.9699999999998745,4000,577,623,640,589
7.979999999999874,4000,571,614,645,574
7.989999999999874,4000,575,600,664,566
7.999999999999874,4000,619,586,675,573
8.009999999999874,4000,632,589,668,605
8.019999999999873,4000,668,591,661,606
8.029999999999873,4000,667,617,658,619
8.039999999999873,4000,654,629,644,626
8.049999999999873,4000,624,635,647,632
8.059999999999873,4000,615,643,632,627
8.069999999999872,4000,621,641,636,631
8.079999999999872,4000,603,660,630,646
8.089999999999872,4000,607,671,622,646
8.099999999999872,4000,624,668,636,653
8.109999999999872,4000,661,657,633,665
8.119999999999871,4000,669,655,662,676
8.129999999999871,4000,694,658,657,675
8.139999999999871,4000,707,666,676,660
8.14999999999987,4000,699,657,695,663
8.15999999999987,4000,703,670,695,680
8.16999999999987,4000,696,681,694,683
8.17999999999987,4000,671,677,701,685
8.18999999999987,4000,654,701,693,696
8.19999999999987,4000,641,705,689,688
8.20999999999987,4000,639,685,669,680
8.21999999999987,4000,673,689,667,696
8.229999999999869,4000,686,709,676,707
8.239999999999869,4000,683,713,690,697
8.249999999999869,4000,688,713,708,680
8.259999999999868,4000,716,717,699,686
8.269999999999868,4000,725,742,714,698
8.279999999999868,4000,712,745,730,706
8.289999999999868,4000,707,722,727,719
8.299999999999867,4000,689,711,703,721
8.309999999999867,4000,683,684,697,694
8.319999999999867,4000,692,679,679,693
8.329999999999867,4000,712,680,672,705
8.339999999999867,4000,723,698,668,708
8.349999999999866,4000,735,721,682,712
8.359999999999866,4000,726,723,697,711
8.369999999999866,4000,716,708,696,689
8.379999999999866,4000,702,718,712,683
8.389999999999866,4000,701,732,728,689
8.399999999999865,4000,701,738,725,706
8.409999999999865,4000,694,738,729,722
8.419999999999865,4000,713,727,733,731
8.429999999999865,4000,725,714,729,737
8.439999999999864,4000,722,709,740,731
8.449999999999864,4000,730,711,753,728
8.459999999999864,4000,733,702,744,714
8.469999999999864,4000,722,706,750,706
8.479999999999864,4000,720,713,744,703
8.489999999999863,4000,714,723,726,722
8.499999999999863,4000,713,741,720,733
8.509999999999863,4000,725,743,721,735
8.519999999999863,4000,729,747,716,738
8.529999999999863,4000,727,746,731,750
8.539999999999862,4000,730,740,736,745
8.549999999999862,4000,720,742,729,744
8.559999999999862,4000,713,756,733,744
8.569999999999862,4000,720,759,740,738
8.579999999999862,4000,722,761,752,740
8.589999999999861,4000,738,749,759,734
8.599999999999861,4000,741,727,730,725
8.60999999999986,4000,741,722,691,717
8.61999999999986,4000,756,722,705,721
8.62999999999986,4000,769,725,718,728
8.63999999999986,4000,770,735,731,739
8.64999999999986,4000,746,729,734,717
8.65999999999986,4000,707,728,718,699
8.66999999999986,4000,684,735,722,697
8.67999999999986,4000,690,750,748,716
8.68999999999986,4000,705,758,755,736
8.699999999999859,4000,715,751,751,744
8.709999999999859,4000,714,731,731,718
8.719999999999859,4000,704,705,711,713
8.729999999999858,4000,712,706,720,695
8.739999999999858,4000,730,712,727,698
8.749999999999858,4000,736,712,718,694
8.759999999999858,4000,744,718,729,692
8.769999999999857,4000,755,718,731,706
8.779999999999857,4000,751,729,738,725
8.789999999999857,4000,731,723,748,725
8.799999999999857,4000,709,703,735,735
8.809999999999857,4000,691,698,724,721
8.819999999999856,4000,709,712,738,704
8.829999999999856,4000,722,720,724,701
8.839999999999856,4000,731,739,732,713
8.849999999999856,4000,739,747,749,729
8.859999999999856,4000,729,742,744,744
8.869999999999855,4000,718,738,738,716
8.879999999999855,4000,709,720,734,695
8.889999999999855,4000,704,711,728,704
8.899999999999855,4000,707,707,712,713
8.909999999999854,4000,725,713,711,711
8.919999999999854,4000,739,724,707,716
8.929999999999854,4000,749,730,719,723
8.939999999999854,4000,731,735,741,733
8.949999999999854,4000,718,742,745,736
8.959999999999853,4000,706,738,749,705
8.969999999999853,4000,710,738,709,705
8.979999999999853,4000,708,722,680,718
8.989999999999853,4000,721,716,683,728
8.999999999999853,4000,738,715,692,716
9.009999999999852,4000,751,722,692,698
9.019999999999852,4000,756,718,704,684
9.029999999999852,4000,752,729,705,699
9.039999999999852,4000,733,732,731,697
9.049999999999851,4000,733,738,752,720
9.059999999999851,4000,695,706,752,715
9.069999999999851,4000,689,697,754,701
9.07999999999985,4000,689,705,757,702
9.08999999999985,4000,693,704,749,709
9.09999999999985,4000,714,704,754,711
9.10999999999985,4000,734,716,744,706
9.11999999999985,4000,739,716,722,702
9.12999999999985,4000,754,732,718,724
9.13999999999985,4000,767,725,722,740
9.14999999999985,4000,758,731,731,738
9.15999999999985,4000,715,731,724,722
9.169999999999849,4000,690,719,693,720
9.179999999999849,4000,690,728,693,716
9.189999999999849,4000,710,744,722,713
9.199999999999848,4000,716,755,726,725
9.209999999999848,4000,707,769,723,720
9.219999999999848,4000,706,775,718,739
9.229999999999848,4000,700,753,711,729
9.239999999999847,4000,711,749,720,712
9.249999999999847,4000,731,748,738,721
9.259999999999847,4000,735,747,740,727
9.269999999999847,4000,757,758,738,740
9.279999999999847,4000,775,748,753,745
9.289999999999846,4000,756,714,748,743
9.299999999999846,4000,732,711,756,733
9.309999999999846,4000,703,711,772,726
9.319999999999846,4000,698,706,733,710
9.329999999999846,4000,708,719,711,698
9.339999999999845,4000,717,723,712,714
9.349999999999845,4000,728,744,723,718
9.359999999999845,4000,741,763,738,747
9.369999999999845,4000,753,762,742,755
9.379999999999844,4000,761,761,735,759
9.389999999999844,4000,773,767,753,757
9.399999999999844,4000,782,772,756,762
9.409999999999844,4000,778,766,751,757
9.419999999999844,4000,762,767,759,756
9.429999999999843,4000,742,755,770,751
9.439999999999843,4000,722,746,756,744
9.449999999999843,4000,699,747,757,735
9.459999999999843,4000,683,735,756,735
9.469999999999843,4000,678,718,744,734
9.479999999999842,4000,705,721,746,744
9.489999999999842,4000,718,732,759,749
9.499999999999842,4000,733,740,754,748
9.509999999999842,4000,739,760,747,755
9.519999999999841,4000,737,757,749,763
9.529999999999841,4000,754,753,742,763
9.539999999999841,4000,772,753,744,750
9.54999999999984,4000,777,754,752,747
9.55999999999984,4000,782,754,743,742
9.56999999999984,4000,781,756,738,741
9.57999999999984,4000,775,757,749,741
9.58999999999984,4000,764,755,746,742
9.59999999999984,4000,749,755,749,740
9.60999999999984,4000,747,762,764,743
9.61999999999984,4000,738,767,762,738
9.62999999999984,4000,751,782,756,729
9.639999999999839,4000,761,785,753,736
9.649999999999839,4000,767,786,751,744
9.659999999999838,4000,771,785,760,753
9.669999999999838,4000,764,767,780,764
9.679999999999838,4000,753,751,769,756
9.689999999999838,4000,737,739,748,748
9.699999999999838,4000,723,730,752,748
9.709999999999837,4000,712,731,729,746
9.719999999999837,4000,710,728,714,736
9.729999999999837,4000,706,727,719,727
9.739999999999837,4000,705,723,719,726
9.749999999999837,4000,722,735,718,730
9.759999999999836,4000,731,733,724,740
9.769999999999836,4000,738,719,722,738
9.779999999999836,4000,756,713,738,746
9.789999999999836,4000,756,723,749,735
9.799999999999836,4000,750,739,740,725
9.809999999999835,4000,758,761,749,732
9.819999999999835,4000,752,778,756,745
9.829999999999835,4000,740,786,751,744
9.839999999999835,4000,727,778,753,759
9.849999999999834,4000,724,768,753,756
9.859999999999834,4000,732,756,744,749
9.869999999999834,4000,744,751,744,754
9.879999999999834,4000,754,750,749,761
9.889999999999834,4000,760,753,746,756
9.899999999999833,4000,761,750,758,759
9.909999999999833,4000,765,742,757,748
9.919999999999833,4000,764,744,751,746
9.929999999999833,4000,774,749,744,748
9.939999999999833,4000,780,761,757,749
9.949999999999832,4000,781,764,756,749
9.959999999999832,4000,777,764,761,753
9.969999999999832,4000,762,759,763,744
9.979999999999832,5000,754,765,761,749
9.989999999999831,5000,757,759,764,752
9.999999999999831,5000,749,755,776,763
10.009999999999831,5000,738,743,779,755
10.01999999999983,5000,732,727,775,728
10.02999999999983,5000,733,731,785,725
10.03999999999983,5000,725,742,774,727
10.04999999999983,5000,751,746,769,738
10.05999999999983,5000,772,756,772,755
10.06999999999983,5000,779,756,764,761
10.07999999999983,5000,773,761,758,759
10.08999999999983,5000,772,775,769,765
10.09999999999983,5000,769,783,774,769
10.109999999999829,5000,762,785,766,772
10.119999999999829,5000,764,782,757,786
10.129999999999828,5000,775,792,761,792
10.139999999999828,5000,782,802,766,792
10.149999999999828,5000,784,808,782,796
10.159999999999828,5000,782,816,800,796
10.169999999999828,5000,773,815,797,793
10.179999999999827,5000,783,811,785,793
10.189999999999827,5000,791,812,785,805
10.199999999999827,5000,796,819,796,811
10.209999999999827,5000,804,824,795,800
10.219999999999827,5000,807,808,788,788
10.229999999999826,5000,804,813,795,792
10.239999999999826,5000,790,810,790,796
10.249999999999826,5000,796,806,781,798
10.259999999999826,5000,802,792,787,797
10.269999999999825,5000,805,795,784,805
10.279999999999825,5000,813,802,788,798
10.289999999999825,5000,821,798,808,803
10.299999999999825,5000,811,785,811,793
10.309999999999825,5000,798,784,806,782
10.319999999999824,5000,785,776,806,782
10.329999999999824,5000,778,787,808,782
10.339999999999824,5000,774,796,796,775
10.349999999999824,5000,791,805,794,772
10.359999999999824,5000,803,806,806,780
10.369999999999823,5000,798,815,819,788
10.379999999999823,5000,772,817,810,792
10.389999999999823,5000,775,803,805,792
10.399999999999823,5000,782,795,807,804
10.409999999999823,5000,788,801,814,800
10.419999999999822,5000,796,796,803,796
10.429999999999822,5000,805,803,804,808
10.439999999999822,5000,812,825,813,821
10.449999999999822,5000,802,829,805,818
10.459999999999821,5000,806,832,788,818
10.469999999999821,5000,802,827,791,825
10.479999999999821,5000,793,822,796,816
10.48999999999982,5000,795,826,788,804
10.49999999999982,5000,800,829,791,808
10.50999999999982,5000,811,831,802,818
10.51999999999982,5000,820,835,812,827
10.52999999999982,5000,810,820,808,816
10.53999999999982,5000,797,797,808,806
10.54999999999982,5000,782,799,829,798
10.55999999999982,5000,775,806,827,790
10.569999999999819,5000,785,804,796,785
10.579999999999819,5000,796,803,775,787
10.589999999999819,5000,797,811,767,787
10.599999999999818,5000,813,815,785,801
10.609999999999818,5000,809,804,800,801
10.619999999999818,5000,801,796,800,792
10.629999999999818,5000,794,796,791,788
10.639999999999818,5000,800,792,805,792
10.649999999999817,5000,799,788,828,792
10.659999999999817,5000,785,785,819,787
10.669999999999817,5000,785,780,806,773
10.679999999999817,5000,791,777,813,784
10.689999999999817,5000,804,776,816,788
10.699999999999816,5000,816,785,800,783
10.709999999999816,5000,810,796,805,790
10.719999999999816,5000,809,802,819,792
10.729999999999816,5000,813,808,824,797
10.739999999999815,5000,816,817,816,807
10.749999999999815,5000,805,816,814,816
10.759999999999815,5000,785,813,814,815
10.769999999999815,5000,769,817,805,811
10.779999999999815,5000,781,823,804,810
10.789999999999814,5000,797,820,813,808
10.799999999999814,5000,812,823,818,808
10.809999999999814,5000,822,819,807,805
10.819999999999814,5000,835,828,807,806
10.829999999999814,5000,825,823,817,819
10.839999999999813,5000,812,823,808,816
10.849999999999813,5000,817,819,800,802
10.859999999999813,5000,809,810,804,802
10.869999999999813,5000,790,809,808,804
10.879999999999812,5000,769,813,806,799
10.889999999999812,5000,764,809,805,803
10.899999999999812,5000,757,801,806,783
10.909999999999812,5000,775,800,808,789
10.919999999999812,5000,778,796,794,796
10.929999999999811,5000,790,797,786,783
10.939999999999811,5000,806,797,790,788
10.949999999999811,5000,822,802,795,791
10.95999999999981,5000,834,814,796,798
10.96999999999981,5000,832,812,802,793
10.97999999999981,5000,822,800,807,788
10.98999999999981,5000,815,801,788,783
10.99999999999981,5000,806,808,784,784
11.00999999999981,5000,811,809,796,792
11.01999999999981,5000,826,820,806,804
11.02999999999981,5000,831,831,805,818
11.039999999999809,5000,817,834,811,819
11.049999999999809,5000,804,822,829,817
11.059999999999809,5000,814,814,835,813
11.069999999999808,5000,816,810,815,814
11.079999999999808,5000,803,805,803,807
11.089999999999808,5000,799,796,809,804
11.099999999999808,5000,810,804,808,805
11.109999999999808,5000,813,808,806,804
11.119999999999807,5000,800,799,811,804
11.129999999999807,5000,793,796,800,801
11.139999999999807,5000,788,799,794,804
11.149999999999807,5000,791,788,801,798
11.159999999999807,5000,799,790,800,796
11.169999999999806,5000,808,805,803,784
11.179999999999806,5000,812,803,799,775
11.189999999999806,5000,816,796,800,773
11.199999999999806,5000,834,810,798,792
11.209999999999805,5000,835,813,801,796
11.219999999999805,5000,826,818,807,803
11.229999999999805,5000,809,813,808,796
11.239999999999805,5000,804,808,806,800
11.249999999999805,5000,800,803,804,797
11.259999999999804,5000,794,798,798,775
11.269999999999804,5000,787,807,792,785
11.279999999999804,5000,802,813,807,804
11.289999999999804,5000,811,811,832,812
11.299999999999804,5000,794,795,835,800
11.309999999999803,5000,790,776,811,764
11.319999999999803,5000,790,777,811,764
11.329999999999803,5000,796,788,825,775
11.339999999999803,5000,804,796,833,778
11.349999999999802,5000,808,782,809,772
11.359999999999802,5000,804,764,792,760
11.369999999999802,5000,798,772,805,778
11.379999999999802,5000,802,792,800,790
11.389999999999802,5000,802,810,800,784
11.399999999999801,5000,788,813,800,788
11.409999999999801,5000,788,809,796,804
11.419999999999801,5000,798,799,789,806
11.4299999999998,5000,799,791,794,804
11.4399999999998,5000,794,794,802,795
11.4499999999998,5000,804,804,807,795
11.4599999999998,5000,812,806,797,791
11.4699999999998,5000,817,810,811,796
11.4799999999998,5000,823,810,824,806
11.4899999999998,5000,810,794,813,802
11.4999999999998,5000,781,778,806,782
11.509999999999799,5000,757,764,817,769
11.519999999999799,5000,759,775,813,764
11.529999999999799,5000,772,788,798,760
11.539999999999798,5000,788,792,803,767
11.549999999999798,5000,792,806,817,784
11.559999999999798,5000,785,813,813,793
11.569999999999798,5000,777,792,798,801
11.579999999999798,5000,779,775,782,804
11.589999999999797,5000,789,773,764,798
11.599999999999797,5000,789,788,753,797
11.609999999999797,5000,798,800,779,800
11.619999999999797,5000,813,812,797,806
11.629999999999797,5000,805,828,793,808
11.639999999999796,5000,794,822,805,801
11.649999999999796,5000,797,800,807,792
11.659999999999796,5000,797,798,798,804
11.669999999999796,5000,786,801,792,799
11.679999999999795,5000,782,804,796,785
11.689999999999795,5000,800,796,791,775
11.699999999999795,5000,819,797,796,777
11.709999999999795,5000,823,796,801,788
11.719999999999795,5000,822,806,812,792
11.729999999999794,5000,817,804,811,792
11.739999999999794,5000,808,794,806,794
11.749999999999794,5000,798,792,810,804
11.759999999999794,5000,802,803,823,800
11.769999999999794,5000,800,804,811,796
11.779999999999793,5000,800,800,809,800
11.789999999999793,5000,798,797,818,800
11.799999999999793,5000,808,795,815,791
11.809999999999793,5000,816,791,796,780
11.819999999999792,5000,817,789,802,784
11.829999999999792,5000,815,796,818,778
11.839999999999792,5000,808,808,819,781
11.849999999999792,5000,804,805,811,785
11.859999999999792,5000,785,798,806,794
11.869999999999791,5000,794,808,813,803
11.879999999999791,5000,802,814,810,808
11.889999999999791,5000,793,803,808,818
11.89999999999979,5000,800,800,817,823
11.90999999999979,5000,802,805,818,817
11.91999999999979,5000,810,813,808,808
11.92999999999979,5000,813,820,802,813
11.93999999999979,5000,811,829,808,819
11.94999999999979,5000,808,829,808,806
11.95999999999979,5000,797,829,799,794
11.96999999999979,5000,800,829,798,793
11.979999999999789,5000,817,837,800,792
11.989999999999789,5000,809,836,805,812
11.999999999999789,5000,800,824,814,815
12.009999999999788,6000,794,811,815,803
12.019999999999788,6000,800,806,808,807
12.029999999999788,6000,816,817,821,826
12.039999999999788,6000,834,820,826,824
12.049999999999788,6000,842,820,813,815
12.059999999999787,6000,837,832,839,812
12.069999999999787,6000,835,837,832,817
12.079999999999787,6000,836,835,835,817
12.089999999999787,6000,829,837,840,806
12.099999999999786,6000,817,833,829,812
12.109999999999786,6000,803,830,835,808
12.119999999999786,6000,822,830,846,835
12.129999999999786,6000,835,835,858,836
12.139999999999786,6000,832,834,844,837
12.149999999999785,6000,826,823,837,846
12.159999999999785,6000,821,814,847,834
12.169999999999785,6000,831,817,852,831
12.179999999999785,6000,840,825,837,827
12.189999999999785,6000,829,845,830,841
12.199999999999784,6000,840,851,841,842
12.209999999999784,6000,845,866,827,832
12.219999999999784,6000,843,876,824,841
12.229999999999784,6000,830,867,840,856
12.239999999999783,6000,840,857,846,857
12.249999999999783,6000,834,844,853,842
12.259999999999783,6000,832,840,846,845
12.269999999999783,6000,841,842,838,841
12.279999999999783,6000,855,852,848,855
12.289999999999782,6000,862,861,848,857
12.299999999999782,6000,875,875,852,856
12.309999999999782,6000,867,877,843,852
12.319999999999782,6000,854,868,848,846
12.329999999999782,6000,851,867,842,844
12.339999999999781,6000,848,875,842,847
12.349999999999781,6000,848,866,845,846
12.359999999999781,6000,839,846,847,834
12.36999999999978,6000,842,827,860,831
12.37999999999978,6000,843,813,863,829
12.38999999999978,6000,836,812,854,833
12.39999999999978,6000,838,817,849,829
12.40999999999978,6000,842,806,851,824
12.41999999999978,6000,852,826,841,819
12.42999999999978,6000,852,848,839,822
12.43999999999978,6000,842,859,854,840
12.449999999999779,6000,838,865,851,845
12.459999999999779,6000,844,870,848,855
12.469999999999779,6000,842,864,835,867
12.479999999999778,6000,847,851,845,871
12.489999999999778,6000,854,857,861,869
12.499999999999778,6000,859,857,855,864
12.509999999999778,6000,856,862,856,858
12.519999999999778,6000,851,846,851,839
12.529999999999777,6000,845,829,852,835
12.539999999999777,6000,841,831,852,838
12.549999999999777,6000,839,845,847,835
12.559999999999777,6000,821,855,842,837
12.569999999999776,6000,820,860,842,831
12.579999999999776,6000,813,863,844,828
12.589999999999776,6000,812,862,840,842
12.599999999999776,6000,809,844,830,850
12.609999999999776,6000,819,816,832,850
12.619999999999775,6000,820,804,840,833
12.629999999999775,6000,834,810,830,826
12.639999999999775,6000,845,853,827,831
12.649999999999775,6000,853,855,843,838
12.659999999999775,6000,857,854,855,842
12.669999999999774,6000,864,848,851,848
12.679999999999774,6000,869,848,849,845
12.689999999999774,6000,858,851,854,844
12.699999999999774,6000,847,851,851,843
12.709999999999773,6000,848,852,851,844
12.719999999999773,6000,839,838,856,849
12.729999999999773,6000,833,811,851,833
12.739999999999773,6000,822,809,862,823
12.749999999999773,6000,809,825,853,824
12.759999999999772,6000,808,841,840,832
12.769999999999772,6000,822,850,844,844
12.779999999999772,6000,826,852,845,842
12.789999999999772,6000,821,843,825,838
12.799999999999772,6000,812,831,817,826
12.809999999999771,6000,817,829,829,825
12.819999999999771,6000,818,840,828,820
12.829999999999771,6000,828,856,816,839
12.83999999999977,6000,848,867,829,835
12.84999999999977,6000,857,863,843,844
12.85999999999977,6000,862,857,842,840
12.86999999999977,6000,861,854,829,840
12.87999999999977,6000,868,865,843,849
12.88999999999977,6000,878,874,849,851
12.89999999999977,6000,889,880,868,854
12.90999999999977,6000,888,878,877,861
12.919999999999769,6000,867,867,873,866
12.929999999999769,6000,851,850,871,855
12.939999999999769,6000,838,823,871,844
12.949999999999768,6000,824,808,855,842
12.959999999999768,6000,814,813,851,827
12.969999999999768,6000,820,818,840,827
12.979999999999768,6000,817,824,850,823
12.989999999999768,6000,816,829,860,813
12.999999999999767,6000,825,838,851,817
13.009999999999767,6000,830,834,829,823
13.019999999999767,6000,827,840,829,834
13.029999999999767,6000,838,827,829,838
13.039999999999766,6000,843,840,827,838
13.049999999999766,6000,850,857,829,837
13.059999999999766,6000,861,864,843,838
13.069999999999766,6000,863,877,852,856
13.079999999999766,6000,847,889,855,869
13.089999999999765,6000,842,871,856,859
13.099999999999765,6000,823,852,859,835
13.109999999999765,6000,819,842,874,835
13.119999999999765,6000,830,846,877,845
13.129999999999765,6000,851,851,862,852
13.139999999999764,6000,845,838,842,842
13.149999999999764,6000,827,835,839,846
13.159999999999764,6000,814,845,836,854
13.169999999999764,6000,819,864,828,857
13.179999999999763,6000,820,874,829,852
13.189999999999763,6000,826,858,831,846
13.199999999999763,6000,835,844,819,843
13.209999999999763,6000,844,837,828,838
13.219999999999763,6000,864,829,846,835
13.229999999999762,6000,872,836,865,829
13.239999999999762,6000,860,837,863,826
13.249999999999762,6000,868,850,856,829
13.259999999999762,6000,865,860,862,829
13.269999999999762,6000,855,859,867,839
13.279999999999761,6000,863,857,868,844
13.289999999999761,6000,862,856,860,852
13.299999999999761,6000,876,859,863,852
13.30999999999976,6000,885,864,873,862
13.31999999999976,6000,873,863,884,870
13.32999999999976,6000,862,859,882,863
13.33999999999976,6000,862,855,870,854
13.34999999999976,6000,858,848,876,844
13.35999999999976,6000,865,852,864,850
13.36999999999976,6000,873,865,842,850
13.37999999999976,6000,868,874,865,861
13.389999999999759,6000,882,868,866,868
13.399999999999759,6000,862,869,868,861
13.409999999999759,6000,834,880,868,865
13.419999999999758,6000,816,894,861,874
13.429999999999758,6000,825,900,856,873
13.439999999999758,6000,839,889,869,879
13.449999999999758,6000,848,876,868,871
13.459999999999757,6000,868,879,874,868
13.469999999999757,6000,878,887,863,869
13.479999999999757,6000,884,890,862,866
13.489999999999757,6000,889,897,880,868
13.499999999999757,6000,880,884,884,879
13.509999999999756,6000,889,879,877,878
13.519999999999756,6000,881,867,879,873
13.529999999999756,6000,892,873,884,864
13.539999999999756,6000,899,882,897,876
13.549999999999756,6000,889,876,897,879
13.559999999999755,6000,893,878,888,876
13.569999999999755,6000,892,870,886,873
13.579999999999755,6000,901,858,885,874
13.589999999999755,6000,887,872,895,873
13.599999999999755,6000,863,885,895,877
13.609999999999754,6000,845,886,878,870
13.619999999999754,6000,836,888,878,871
13.629999999999754,6000,817,875,861,862
13.639999999999754,6000,805,863,857,858
13.649999999999753,6000,817,861,849,855
13.659999999999753,6000,835,860,843,850
13.669999999999753,6000,844,869,858,853
13.679999999999753,6000,868,872,862,863
13.689999999999753,6000,876,883,869,876
13.699999999999752,6000,887,896,864,874
13.709999999999752,6000,890,895,867,852
13.719999999999752,6000,883,898,859,854
13.729999999999752,6000,890,893,870,854
13.739999999999752,6000,900,894,881,870
13.749999999999751,6000,907,900,880,878
13.759999999999751,6000,903,883,886,880
13.76999999999975,6000,883,882,892,890
13.77999999999975,6000,867,869,890,878
13.78999999999975,6000,856,865,892,862
13.79999999999975,6000,860,869,878,852
13.80999999999975,6000,866,862,874,853
13.81999999999975,6000,860,850,875,856
13.82999999999975,6000,859,842,869,854
13.83999999999975,6000,863,839,855,839
13.84999999999975,6000,839,859,856,843
13.859999999999749,6000,825,863,854,852
13.869999999999749,6000,840,862,860,845
13.879999999999749,6000,852,874,852,848
13.889999999999748,6000,875,885,852,864
13.899999999999748,6000,881,888,874,873
13.909999999999748,6000,885,885,882,883
13.919999999999748,6000,895,883,874,877
13.929999999999747,6000,899,896,886,874
13.939999999999747,6000,880,896,883,867
13.949999999999747,6000,883,896,883,866
13.959999999999747,6000,879,902,871,869
13.969999999999747,6000,883,899,869,880
13.979999999999746,6000,882,906,869,877
13.989999999999746,6000,875,903,875,881
13.999999999999746,6000,865,890,871,887
14.009999999999746,6000,0,0,0,0
14.019999999999746,6000,0,0,0,0
14.029999999999745,6000,0,0,0,0
14.039999999999745,6000,214,399,350,319
14.049999999999745,6000,282,468,399,348
14.059999999999745,6000,282,460,399,348
14.069999999999744,6000,697,689,682,701
14.079999999999744,6000,723,712,715,694
14.089999999999744,6000,739,738,737,729
14.099999999999744,6000,755,740,723,730
14.109999999999744,6000,738,744,707,735
14.119999999999743,6000,746,742,739,738
14.129999999999743,6000,764,754,764,747
14.139999999999743,6000,765,760,757,741
14.149999999999743,6000,770,767,769,767
14.159999999999743,6000,773,754,783,776
14.169999999999742,6000,766,748,783,776
14.179999999999742,6000,767,764,790,765
14.189999999999742,6000,769,787,796,761
14.199999999999742,6000,782,812,799,774
14.209999999999742,6000,797,817,804,789
14.219999999999741,6000,816,814,807,805
14.229999999999741,6000,832,817,790,801
14.23999999999974,6000,829,827,803,801
14.24999999999974,6000,836,818,824,808
14.25999999999974,6000,823,822,835,818
14.26999999999974,6000,811,814,836,818
14.27999999999974,6000,792,808,819,814
14.28999999999974,6000,782,815,835,827
14.29999999999974,6000,803,829,853,844
14.30999999999974,6000,818,834,846,845
14.31999999999974,6000,827,835,837,849
14.329999999999739,6000,831,832,843,842
14.339999999999739,6000,846,846,848,839
14.349999999999739,6000,862,849,851,832
14.359999999999738,6000,857,842,850,828
14.369999999999738,7000,837,849,847,829
14.379999999999738,7000,835,853,839,831
14.389999999999738,7000,849,865,862,835
14.399999999999737,7000,862,880,869,854
14.409999999999737,7000,864,865,866,869
14.419999999999737,7000,869,863,874,875
14.429999999999737,7000,870,854,868,868
14.439999999999737,7000,871,859,855,860
14.449999999999736,7000,870,872,868,863
14.459999999999736,7000,865,882,879,862
14.469999999999736,7000,878,886,875,859
14.479999999999736,7000,881,890,882,863
14.489999999999736,7000,883,887,878,863
14.499999999999735,7000,873,879,884,864
14.509999999999735,7000,859,875,893,872
14.519999999999735,7000,861,869,876,869
14.529999999999735,7000,854,874,880,862
14.539999999999734,7000,846,871,865,876
14.549999999999734,7000,857,879,875,870
14.559999999999734,7000,871,881,891,857
14.569999999999734,7000,884,882,884,862
14.579999999999734,7000,893,884,877,867
14.589999999999733,7000,890,901,889,870
14.599999999999733,7000,883,903,893,872
14.609999999999733,7000,883,910,901,872
14.619999999999733,7000,871,906,888,877
14.629999999999733,7000,869,910,882,899
14.639999999999732,7000,866,897,888,909
14.649999999999732,7000,862,891,893,904
14.659999999999732,7000,871,896,903,897
14.669999999999732,7000,883,892,893,892
14.679999999999731,7000,886,900,881,898
14.689999999999731,7000,901,898,885,899
14.699999999999731,7000,904,908,894,898
14.70999999999973,7000,908,918,902,900
14.71999999999973,7000,891,911,880,892
14.72999999999973,7000,884,890,874,896
14.73999999999973,7000,879,873,879,897
14.74999999999973,7000,883,863,892,883
14.75999999999973,7000,891,870,906,878
14.76999999999973,7000,897,875,897,870
14.77999999999973,7000,890,871,883,871
14.78999999999973,7000,886,890,891,881
14.799999999999729,7000,892,889,890,880
14.809999999999729,7000,898,889,900,877
14.819999999999729,7000,897,889,898,879
14.829999999999728,7000,894,894,898,888
14.839999999999728,7000,884,891,898,895
14.849999999999728,7000,874,892,896,895
14.859999999999728,7000,869,893,904,886
14.869999999999727,7000,877,888,887,886
14.879999999999727,7000,885,882,883,885
14.889999999999727,7000,888,889,894,883
14.899999999999727,7000,903,895,907,882
14.909999999999727,7000,909,895,910,876
14.919999999999726,7000,907,890,890,875
14.929999999999726,7000,907,892,886,881
14.939999999999726,7000,902,903,895,884
14.949999999999726,7000,891,907,897,899
14.959999999999726,7000,889,912,902,903
14.969999999999725,7000,883,907,889,900
14.979999999999725,7000,880,898,879,901
14.989999999999725,7000,887,902,891,894
14.999999999999725,7000,894,904,906,904
15.009999999999724,7000,900,904,918,897
15.019999999999724,7000,912,903,911,896
15.029999999999724,7000,896,898,908,898
15.039999999999724,7000,880,894,892,891
15.049999999999724,7000,877,881,892,887
15.059999999999723,7000,891,878,902,882
15.069999999999723,7000,889,883,893,882
15.079999999999723,7000,874,879,892,883
15.089999999999723,7000,866,894,883,876
15.099999999999723,7000,877,899,897,890
15.109999999999722,7000,880,896,902,889
15.119999999999722,7000,881,893,889,880
15.129999999999722,7000,884,885,870,880
15.139999999999722,7000,896,898,886,883
15.149999999999721,7000,899,899,900,879
15.159999999999721,7000,895,913,914,891
15.169999999999721,7000,892,919,902,892
15.17999999999972,7000,882,922,893,902
15.18999999999972,7000,872,915,887,904
15.19999999999972,7000,872,902,898,911
15.20999999999972,7000,874,890,912,894
15.21999999999972,7000,898,895,901,884
15.22999999999972,7000,894,902,900,885
15.23999999999972,7000,902,897,896,883
15.24999999999972,7000,909,884,901,887
15.25999999999972,7000,913,882,916,877
15.269999999999719,7000,902,884,914,872
15.279999999999719,7000,882,885,903,879
15.289999999999718,7000,861,877,866,869
15.299999999999718,7000,852,873,869,864
15.309999999999718,7000,867,877,895,875
15.319999999999718,7000,875,879,896,882
15.329999999999718,7000,895,877,909,886
15.339999999999717,7000,895,878,889,876
15.349999999999717,7000,910,885,899,873
15.359999999999717,7000,911,890,910,877
15.369999999999717,7000,899,893,903,886
15.379999999999717,7000,876,883,910,881
15.389999999999716,7000,858,898,889,874
15.399999999999716,7000,850,902,888,867
15.409999999999716,7000,848,906,904,876
15.419999999999716,7000,855,888,915,880
15.429999999999715,7000,875,882,917,885
15.439999999999715,7000,887,874,884,878
15.449999999999715,7000,906,869,866,869
15.459999999999715,7000,909,881,891,877
15.469999999999715,7000,913,894,910,880
15.479999999999714,7000,921,898,917,880
15.489999999999714,7000,916,900,900,886
15.499999999999714,7000,897,901,875,886
15.509999999999714,7000,883,911,873,892
15.519999999999714,7000,883,909,869,902
15.529999999999713,7000,899,902,891,903
15.539999999999713,7000,908,904,873,907
15.549999999999713,7000,899,902,877,901
15.559999999999713,7000,883,904,903,902
15.569999999999713,7000,868,906,909,885
15.579999999999712,7000,873,892,928,881
15.589999999999712,7000,871,885,910,874
15.599999999999712,7000,864,873,899,856
15.609999999999712,7000,868,867,913,854
15.619999999999711,7000,880,865,921,866
15.629999999999711,7000,883,864,910,864
15.639999999999711,7000,876,870,883,866
15.64999999999971,7000,880,877,871,876
15.65999999999971,7000,878,879,882,879
15.66999999999971,7000,876,885,896,879
15.67999999999971,7000,898,887,892,871
15.68999999999971,7000,904,886,883,874
15.69999999999971,7000,919,901,903,894
15.70999999999971,7000,910,909,919,887
15.71999999999971,7000,884,918,916,887
15.729999999999709,7000,870,908,912,883
15.739999999999709,7000,861,908,902,884
15.749999999999709,7000,852,906,896,890
15.759999999999708,7000,863,894,873,883
15.769999999999708,7000,870,891,883,885
15.779999999999708,7000,875,884,895,879
15.789999999999708,7000,871,877,883,873
15.799999999999708,7000,869,858,866,860
15.809999999999707,7000,860,856,861,856
15.819999999999707,7000,867,864,870,859
15.829999999999707,7000,883,862,901,861
15.839999999999707,7000,887,854,867,867
15.849999999999707,7000,886,846,844,857
15.859999999999706,7000,889,842,857,868
15.869999999999706,7000,903,850,873,871
15.879999999999706,7000,893,845,883,856
15.889999999999706,7000,887,844,903,847
15.899999999999705,7000,872,855,907,838
15.909999999999705,7000,863,869,914,842
15.919999999999705,7000,867,883,911,859
15.929999999999705,7000,875,897,909,880
15.939999999999705,7000,880,899,888,888
15.949999999999704,7000,862,883,891,891
15.959999999999704,7000,846,878,893,882
15.969999999999704,7000,851,880,889,889
15.979999999999704,7000,859,893,878,900
15.989999999999704,7000,857,897,877,896
15.999999999999703,7000,861,891,874,889
16.009999999999703,7000,869,882,882,872
16.019999999999705,7000,887,877,882,872
16.029999999999706,7000,904,893,884,883
16.039999999999708,7000,897,903,892,879
16.04999999999971,7000,892,895,879,870
16.05999999999971,7000,877,894,874,869
16.069999999999713,7000,857,880,869,883
16.079999999999714,7000,848,877,865,885
16.089999999999716,7000,871,877,863,871
16.099999999999717,7000,881,875,851,861
16.10999999999972,7000,885,885,851,871
16.11999999999972,7000,877,892,888,882
16.129999999999722,7000,872,908,896,892
16.139999999999723,7000,882,914,892,883
16.149999999999725,7000,870,903,865,873
16.159999999999727,7000,865,892,856,882
16.169999999999728,7000,872,883,870,882
16.17999999999973,7000,873,888,878,899
16.18999999999973,7000,883,892,881,888
16.199999999999733,7000,883,881,880,874
16.209999999999734,7000,886,881,884,879
16.219999999999736,7000,898,893,894,880
16.229999999999738,7000,887,903,903,882
16.23999999999974,7000,889,902,915,890
16.24999999999974,7000,883,888,907,880
16.259999999999742,7000,871,894,876,883
16.269999999999744,7000,871,890,868,882
16.279999999999745,7000,876,899,882,887
16.289999999999747,7000,885,900,884,888
16.29999999999975,7000,893,894,883,887
16.30999999999975,7000,882,901,883,892
16.31999999999975,7000,880,902,881,893
16.329999999999753,7000,874,906,887,892
16.339999999999755,7000,879,906,886,863
16.349999999999756,7000,881,900,883,862
16.359999999999758,7000,888,892,885,877
16.36999999999976,7000,892,879,898,885
16.37999999999976,7000,887,863,910,869
16.389999999999763,7000,887,861,902,855
16.399999999999764,8000,882,865,883,867
16.409999999999766,8000,873,872,879,870
16.419999999999767,8000,877,900,901,899
16.42999999999977,8000,869,903,906,901
16.43999999999977,8000,867,904,901,893
16.449999999999772,8000,863,898,885,887
16.459999999999773,8000,867,898,884,880
16.469999999999775,8000,883,895,900,887
16.479999999999777,8000,897,888,908,879
16.489999999999778,8000,900,883,904,872
16.49999999999978,8000,913,883,915,883
16.50999999999978,8000,901,887,903,883
16.519999999999783,8000,886,901,888,875
16.529999999999784,8000,875,907,891,875
16.539999999999786,8000,865,914,898,883
16.549999999999788,8000,883,913,898,897
16.55999999999979,8000,891,918,903,911
16.56999999999979,8000,903,897,908,917
16.579999999999792,8000,902,891,908,896
16.589999999999794,8000,892,894,887,876
16.599999999999795,8000,902,897,892,883
16.609999999999797,8000,911,908,901,893
16.6199999999998,8000,920,899,908,909
16.6299999999998,8000,929,906,900,903
16.6399999999998,8000,899,908,911,884
16.649999999999803,8000,889,901,915,883
16.659999999999805,8000,875,886,903,884
16.669999999999806,8000,888,870,901,880
16.679999999999808,8000,914,875,909,865
16.68999999999981,8000,925,888,928,867
16.69999999999981,8000,934,904,938,883
16.709999999999813,8000,931,904,932,893
16.719999999999814,8000,913,890,907,889
16.729999999999816,8000,881,887,895,893
16.739999999999817,8000,871,873,895,889
16.74999999999982,8000,860,876,898,890
16.75999999999982,8000,853,906,888,885
16.769999999999822,8000,867,908,890,892
16.779999999999824,8000,888,919,898,904
16.789999999999825,8000,909,922,919,906
16.799999999999827,8000,916,907,903,912
16.809999999999828,8000,906,889,899,900
16.81999999999983,8000,899,892,898,883
16.82999999999983,8000,906,915,906,886
16.839999999999833,8000,920,924,919,885
16.849999999999834,8000,919,936,928,900
16.859999999999836,8000,907,930,938,912
16.869999999999838,8000,892,914,920,906
16.87999999999984,8000,897,887,917,897
16.88999999999984,8000,910,876,897,887
16.899999999999842,8000,919,895,915,898
16.909999999999844,8000,928,903,935,903
16.919999999999845,8000,922,903,930,902
16.929999999999847,8000,902,883,924,879
16.93999999999985,8000,898,864,908,866
16.94999999999985,8000,887,864,921,871
16.95999999999985,8000,910,871,913,880
16.969999999999853,8000,900,880,903,887
16.979999999999855,8000,887,906,898,902
16.989999999999856,8000,884,914,894,906
16.999999999999858,8000,900,931,903,917
17.00999999999986,8000,917,936,912,921
17.01999999999986,8000,922,934,922,922
17.029999999999863,8000,926,910,933,910
17.039999999999864,8000,923,910,942,914
17.049999999999866,8000,922,924,917,918
17.059999999999867,8000,912,934,904,926
17.06999999999987,8000,915,945,916,926
17.07999999999987,8000,904,941,919,923
17.089999999999872,8000,898,928,915,924
17.099999999999874,8000,897,906,902,912
17.109999999999875,8000,899,893,902,915
17.119999999999877,8000,902,900,907,903
17.129999999999878,8000,915,911,918,909
17.13999999999988,8000,924,900,912,899
17.14999999999988,8000,938,884,897,887
17.159999999999883,8000,936,885,908,889
17.169999999999884,8000,937,901,909,885
17.179999999999886,8000,934,923,923,900
17.189999999999888,8000,937,928,930,908
17.19999999999989,8000,919,912,933,907
17.20999999999989,8000,903,909,928,918
17.219999999999892,8000,900,906,914,917
17.229999999999894,8000,907,909,921,913
17.239999999999895,8000,917,911,923,900
17.249999999999897,8000,913,912,932,897
17.2599999999999,8000,904,925,921,909
17.2699999999999,8000,900,936,932,908
17.2799999999999,8000,883,940,912,896
17.289999999999903,8000,888,936,924,890
17.299999999999905,8000,892,933,932,891
17.309999999999906,8000,900,916,943,906
17.319999999999908,8000,906,922,931,912
17.32999999999991,8000,909,911,911,917
17.33999999999991,8000,918,920,904,912
17.349999999999913,8000,920,929,912,917
17.359999999999914,8000,926,937,919,919
17.369999999999916,8000,919,940,923,922
17.379999999999917,8000,915,940,910,928
17.38999999999992,8000,904,932,892,932
17.39999999999992,8000,909,915,889,926
17.409999999999922,8000,912,904,906,920
17.419999999999924,8000,915,892,924,917
17.429999999999925,8000,921,882,925,901
17.439999999999927,8000,925,870,919,895
17.44999999999993,8000,925,883,922,889
17.45999999999993,8000,911,894,924,882
17.46999999999993,8000,911,899,930,872
17.479999999999933,8000,897,903,930,873
17.489999999999934,8000,898,918,935,885
17.499999999999936,8000,894,921,923,896
17.509999999999938,8000,900,916,896,898
17.51999999999994,8000,898,914,887,915
17.52999999999994,8000,900,918,892,921
17.539999999999942,8000,919,918,915,931
17.549999999999944,8000,922,924,916,921
17.559999999999945,8000,936,935,921,920
17.569999999999947,8000,924,931,922,912
17.57999999999995,8000,913,920,938,903
17.58999999999995,8000,911,913,941,908
17.59999999999995,8000,904,917,915,909
17.609999999999953,8000,897,926,912,906
17.619999999999955,8000,895,937,898,904
17.629999999999956,8000,895,932,895,911
17.639999999999958,8000,910,926,910,919
17.64999999999996,8000,916,912,916,930
17.65999999999996,8000,924,918,922,922
17.669999999999963,8000,928,914,917,916
17.679999999999964,8000,932,919,924,909
17.689999999999966,8000,921,916,922,902
17.699999999999967,8000,911,909,930,902
17.70999999999997,8000,907,913,917,894
17.71999999999997,8000,916,911,912,915
17.729999999999972,8000,923,915,914,914
17.739999999999974,8000,918,911,917,915
17.749999999999975,8000,902,906,923,911
17.759999999999977,8000,894,904,936,912
17.76999999999998,8000,897,916,935,916
17.77999999999998,8000,902,926,919,913
17.78999999999998,8000,897,923,902,903
17.799999999999983,8000,899,916,897,895
17.809999999999985,8000,897,913,914,900
17.819999999999986,8000,898,913,912,902
17.829999999999988,8000,899,911,896,899
17.83999999999999,8000,894,914,898,898
17.84999999999999,8000,897,907,899,900
17.859999999999992,8000,900,913,912,906
17.869999999999994,8000,915,923,923,907
17.879999999999995,8000,920,919,933,901
17.889999999999997,8000,925,928,933,912
17.9,8000,914,926,917,902
17.91,8000,901,922,917,904
17.92,8000,902,914,911,909
17.930000000000003,8000,899,909,910,906
17.940000000000005,8000,906,913,894,902
17.950000000000006,8000,902,921,896,899
17.960000000000008,8000,900,917,922,907
17.97000000000001,8000,909,915,925,921
17.98000000000001,8000,906,906,917,908
17.990000000000013,8000,904,893,901,898
18.000000000000014,8000,904,899,928,893
18.010000000000016,8000,915,917,923,907
18.020000000000017,8000,924,926,925,906
18.03000000000002,8000,919,922,929,909
18.04000000000002,8000,910,909,920,899
18.050000000000022,8000,913,918,925,895
18.060000000000024,8000,919,921,910,907
18.070000000000025,8000,908,929,913,910
18.080000000000027,8000,903,931,914,922
18.09000000000003,8000,903,928,923,920
18.10000000000003,8000,906,917,926,918
18.11000000000003,8000,909,914,928,913
18.120000000000033,8000,912,916,911,904
18.130000000000035,8000,917,915,904,906
18.140000000000036,8000,911,913,900,897
18.150000000000038,8000,913,913,901,897
18.16000000000004,8000,912,909,904,896
18.17000000000004,8000,915,911,898,903
18.180000000000042,8000,917,910,892,911
18.190000000000044,8000,921,906,911,909
18.200000000000045,8000,928,907,937,908
18.210000000000047,8000,922,913,936,902
18.22000000000005,8000,937,907,928,906
18.23000000000005,8000,920,899,917,913
18.24000000000005,8000,897,894,899,912
18.250000000000053,8000,893,900,908,906
18.260000000000055,8000,894,911,906,902
18.270000000000056,8000,896,914,891,903
18.280000000000058,8000,889,921,902,900
18.29000000000006,8000,888,919,902,900
18.30000000000006,8000,907,934,919,906
18.310000000000063,8000,901,928,924,911
18.320000000000064,8000,917,918,926,909
18.330000000000066,8000,913,916,918,903
18.340000000000067,8000,911,921,908,901
18.35000000000007,8000,915,926,917,901
18.36000000000007,8000,911,925,915,906
18.370000000000072,8000,902,917,916,904
18.380000000000074,8000,903,916,896,906
18.390000000000075,8000,902,916,894,915
18.400000000000077,8000,895,923,915,912
18.41000000000008,8000,899,918,919,919
18.42000000000008,8000,900,909,933,911
18.43000000000008,9000,923,893,923,904
18.440000000000083,9000,916,901,920,902
18.450000000000085,9000,913,901,906,902
18.460000000000086,9000,924,912,912,904
18.470000000000088,9000,937,917,918,906
18.48000000000009,9000,934,914,922,913
18.49000000000009,9000,920,919,920,916
18.500000000000092,9000,893,914,911,911
18.510000000000094,9000,898,921,920,914
18.520000000000095,9000,915,925,918,909
18.530000000000097,9000,925,930,935,914
18.5400000000001,9000,932,925,947,908
18.5500000000001,9000,921,924,940,907
18.5600000000001,9000,906,915,916,907
18.570000000000103,9000,909,913,909,907
18.580000000000105,9000,921,920,919,909
18.590000000000106,9000,937,934,933,918
18.600000000000108,9000,919,953,932,936
18.61000000000011,9000,903,943,928,938
18.62000000000011,9000,901,930,925,936
18.630000000000113,9000,906,926,917,921
18.640000000000114,9000,918,937,934,920
18.650000000000116,9000,933,943,948,920
18.660000000000117,9000,943,941,951,919
18.67000000000012,9000,938,932,929,918
18.68000000000012,9000,930,923,0,919
18.690000000000122,9000,935,925,934,920
18.700000000000124,9000,940,933,931,924
18.710000000000125,9000,923,932,925,938
18.720000000000127,9000,908,926,940,938
18.73000000000013,9000,910,928,937,945
18.74000000000013,9000,899,922,920,920
18.75000000000013,9000,903,918,917,918
18.760000000000133,9000,911,908,917,913
18.770000000000135,9000,936,913,928,914
18.780000000000136,9000,935,912,930,906
18.790000000000138,9000,917,909,932,897
18.80000000000014,9000,915,919,920,894
18.81000000000014,9000,916,934,913,901
18.820000000000142,9000,921,945,928,930
18.830000000000144,9000,918,945,936,929
18.840000000000146,9000,914,952,940,941
18.850000000000147,9000,899,936,920,944
18.86000000000015,9000,903,926,930,936
18.87000000000015,9000,922,923,926,931
18.88000000000015,9000,932,924,933,912
18.890000000000153,9000,928,925,921,903
18.900000000000155,9000,930,923,931,915
18.910000000000156,9000,941,926,922,928
18.920000000000158,9000,937,944,915,928
18.93000000000016,9000,930,950,931,937
18.94000000000016,9000,922,938,945,935
18.950000000000163,9000,917,926,950,931
18.960000000000164,9000,908,922,931,928
18.970000000000166,9000,914,922,930,932
18.980000000000167,9000,934,929,934,926
18.99000000000017,9000,923,930,909,922
19.00000000000017,9000,911,925,900,925
19.010000000000172,9000,897,917,913,921
19.020000000000174,9000,908,912,912,919
19.030000000000175,9000,901,918,902,910
19.040000000000177,9000,911,936,913,920
19.05000000000018,9000,912,941,923,918
19.06000000000018,9000,918,942,950,926
19.07000000000018,9000,926,934,946,922
19.080000000000183,9000,917,928,950,928
19.090000000000185,9000,916,921,935,920
19.100000000000186,9000,928,928,930,920
19.110000000000188,9000,926,942,921,928
19.12000000000019,9000,929,952,942,930
19.13000000000019,9000,925,953,956,937
19.140000000000192,9000,907,953,954,941
19.150000000000194,9000,908,941,929,947
19.160000000000196,9000,904,935,922,931
19.170000000000197,9000,912,920,919,917
19.1800000000002,9000,935,936,937,910
19.1900000000002,9000,938,938,948,913
19.200000000000202,9000,950,937,944,923
19.210000000000203,9000,961,929,935,940
19.220000000000205,9000,950,924,922,926
19.230000000000206,9000,936,933,926,922
19.240000000000208,9000,926,931,923,926
19.25000000000021,9000,918,930,923,929
19.26000000000021,9000,909,918,925,934
19.270000000000213,9000,919,922,934,919
19.280000000000214,9000,925,913,924,917
19.290000000000216,9000,940,921,935,912
19.300000000000217,9000,936,923,932,914
19.31000000000022,9000,946,947,948,918
19.32000000000022,9000,931,946,948,922
19.330000000000222,9000,925,944,951,925
19.340000000000224,9000,921,941,935,929
19.350000000000225,9000,918,943,930,928
19.360000000000227,9000,909,947,943,925
19.37000000000023,9000,909,944,946,932
19.38000000000023,9000,911,936,951,936
19.39000000000023,9000,922,924,937,923
19.400000000000233,9000,935,928,932,926
19.410000000000235,9000,936,929,920,921
19.420000000000236,9000,952,946,934,926
19.430000000000238,9000,948,953,938,932
19.44000000000024,9000,937,946,940,943
19.45000000000024,9000,918,937,929,929
19.460000000000242,9000,918,934,923,926
19.470000000000244,9000,918,933,915,922
19.480000000000246,9000,925,938,921,923
19.490000000000247,9000,926,935,917,916
19.50000000000025,9000,934,932,935,914
19.51000000000025,9000,942,921,946,910
19.520000000000252,9000,955,920,943,918
19.530000000000253,9000,953,925,941,922
19.540000000000255,9000,935,929,934,926
19.550000000000257,9000,924,933,940,928
19.560000000000258,9000,911,933,934,924
19.57000000000026,9000,908,933,943,932
19.58000000000026,9000,910,923,931,929
19.590000000000263,9000,919,936,937,932
19.600000000000264,9000,925,925,929,923
19.610000000000266,9000,929,922,937,917
19.620000000000267,9000,942,924,935,918
19.63000000000027,9000,941,931,947,926
19.64000000000027,9000,934,924,942,925
19.650000000000272,9000,922,919,941,921
19.660000000000274,9000,909,932,921,920
19.670000000000275,9000,908,943,920,917
19.680000000000277,9000,925,946,934,928
19.69000000000028,9000,934,938,936,926
19.70000000000028,9000,944,944,947,928
19.71000000000028,9000,948,935,945,930
19.720000000000283,9000,951,928,942,926
19.730000000000285,9000,946,928,931,933
19.740000000000286,9000,946,929,938,936
19.750000000000288,9000,934,933,959,937
19.76000000000029,9000,917,935,951,929
19.77000000000029,9000,898,908,929,919
19.780000000000292,9000,886,901,934,912
19.790000000000294,9000,903,908,925,922
19.800000000000296,9000,913,926,925,920
19.810000000000297,9000,923,928,931,921
19.8200000000003,9000,919,925,931,913
19.8300000000003,9000,941,933,929,917
19.840000000000302,9000,937,921,925,923
19.850000000000303,9000,941,933,925,930
19.860000000000305,9000,933,940,923,925
19.870000000000307,9000,930,944,923,924
19.880000000000308,9000,916,940,933,924
19.89000000000031,9000,916,947,936,924
19.90000000000031,9000,916,941,924,924
19.910000000000313,9000,922,934,919,934
19.920000000000314,9000,932,928,910,936
19.930000000000316,9000,940,945,914,937
19.940000000000317,9000,934,952,920,937
19.95000000000032,9000,916,948,921,930
19.96000000000032,9000,900,934,934,918
19.970000000000322,9000,883,928,926,919
19.980000000000324,9000,883,920,938,914
19.990000000000325,9000,891,916,934,909
20.000000000000327,9000,902,916,930,898
20.01000000000033,9000,911,903,897,895
20.02000000000033,9000,930,911,891,907
20.03000000000033,9000,935,917,918,920
20.040000000000333,9000,950,924,937,914
20.050000000000335,9000,953,929,952,915
20.060000000000336,9000,953,922,953,916
20.070000000000338,9000,940,933,950,918
20.08000000000034,9000,920,932,943,926
20.09000000000034,9000,911,940,936,928
20.100000000000342,9000,912,935,919,931
20.110000000000344,9000,908,942,913,920
20.120000000000346,9000,909,935,919,908
20.130000000000347,9000,914,930,930,909
20.14000000000035,9000,920,945,930,913
20.15000000000035,9000,931,934,928,921
20.160000000000352,9000,913,926,935,914
20.170000000000353,9000,897,915,935,915
20.180000000000355,9000,883,899,930,900
20.190000000000357,9000,882,893,895,893
20.200000000000358,9000,899,902,882,896
20.21000000000036,9000,916,917,877,904
20.22000000000036,9000,929,933,897,918
20.230000000000363,9000,931,925,912,924
20.240000000000364,9000,945,918,947,926
20.250000000000366,9000,943,904,946,922
20.260000000000367,9000,932,890,940,904
20.27000000000037,9000,900,891,933,896
20.28000000000037,9000,890,888,926,886
20.290000000000372,9000,881,888,935,893
20.300000000000374,9000,880,898,922,912
20.310000000000375,9000,893,907,917,914
20.320000000000377,9000,912,921,904,912
20.33000000000038,9000,915,928,917,910
20.34000000000038,9000,913,935,937,919
20.35000000000038,9000,909,922,937,912
20.360000000000383,9000,921,929,932,918
20.370000000000385,9000,924,923,925,922
20.380000000000386,9000,935,921,938,925
20.390000000000388,9000,933,913,924,910
20.40000000000039,9000,920,910,918,899
20.41000000000039,9000,913,910,913,915
20.420000000000393,9000,914,913,925,915
20.430000000000394,9000,935,934,925,917
20.440000000000396,9000,931,943,925,919
20.450000000000397,10000,934,953,933,925
20.4600000000004,10000,916,936,934,921
20.4700000000004,10000,909,943,941,931
20.480000000000402,10000,907,948,936,929
20.490000000000403,10000,920,950,919,924
20.500000000000405,10000,931,946,911,936
20.510000000000407,10000,948,953,914,937
20.520000000000408,10000,956,953,930,944
20.53000000000041,10000,963,967,954,942
20.54000000000041,10000,953,963,956,950
20.550000000000413,10000,948,967,975,952
20.560000000000414,10000,943,952,970,953
20.570000000000416,10000,959,959,956,945
20.580000000000418,10000,959,965,963,947
20.59000000000042,10000,969,974,979,948
20.60000000000042,10000,966,973,973,960
20.610000000000422,10000,973,976,987,972
20.620000000000424,10000,965,966,990,967
20.630000000000425,10000,956,976,974,960
20.640000000000427,10000,954,973,968,960
20.65000000000043,10000,955,968,962,960
20.66000000000043,10000,953,962,974,970
20.67000000000043,10000,954,960,967,958
20.680000000000433,10000,947,954,962,948
20.690000000000435,10000,958,955,959,948
20.700000000000436,10000,954,960,953,948
20.710000000000438,10000,966,974,951,950
20.72000000000044,10000,952,980,952,958
20.73000000000044,10000,948,969,942,953
20.740000000000443,10000,952,965,963,966
20.750000000000444,10000,958,955,969,962
20.760000000000446,10000,968,953,985,962
20.770000000000447,10000,961,944,970,952
20.78000000000045,10000,956,946,981,950
20.79000000000045,10000,961,947,965,950
20.800000000000452,10000,955,946,946,945
20.810000000000453,10000,963,950,954,943
20.820000000000455,10000,965,952,972,955
20.830000000000457,10000,966,962,958,954
20.840000000000458,10000,965,969,968,963
20.85000000000046,10000,942,965,958,956
20.86000000000046,10000,943,972,963,960
20.870000000000463,10000,951,973,956,956
20.880000000000464,10000,953,975,969,963
20.890000000000466,10000,963,976,977,966
20.900000000000468,10000,956,980,988,966
20.91000000000047,10000,954,977,974,973
20.92000000000047,10000,937,980,965,968
20.930000000000472,10000,937,959,948,953
20.940000000000474,10000,946,966,943,945
20.950000000000475,10000,962,972,951,953
20.960000000000477,10000,962,970,968,959
20.97000000000048,10000,969,962,973,959
20.98000000000048,10000,952,955,973,950
20.99000000000048,10000,959,955,985,947
21.000000000000483,10000,965,948,976,944
21.010000000000485,10000,969,958,985,950
21.020000000000486,10000,969,965,975,961
21.030000000000488,10000,975,959,979,965
21.04000000000049,10000,972,960,977,961
21.05000000000049,10000,959,965,987,967
21.060000000000493,10000,956,968,981,969
21.070000000000494,10000,961,963,973,970
21.080000000000496,10000,947,961,965,956
21.090000000000497,10000,946,966,965,953
21.1000000000005,10000,951,958,961,945
21.1100000000005,10000,962,968,954,948
21.120000000000502,10000,959,966,950,954
21.130000000000503,10000,960,970,969,953
21.140000000000505,10000,960,969,977,956
21.150000000000507,10000,962,982,979,958
21.160000000000508,10000,943,979,960,959
21.17000000000051,10000,946,988,961,968
21.18000000000051,10000,950,987,963,967
21.190000000000513,10000,963,979,962,959
21.200000000000514,10000,974,965,966,951
21.210000000000516,10000,980,958,960,947
21.220000000000518,10000,981,951,967,954
21.23000000000052,10000,979,961,966,961
21.24000000000052,10000,965,945,958,943
21.250000000000522,10000,946,944,934,933
21.260000000000524,10000,941,940,941,937
21.270000000000525,10000,946,934,959,943
21.280000000000527,10000,959,933,970,947
21.29000000000053,10000,954,946,956,945
21.30000000000053,10000,950,941,944,942
21.31000000000053,10000,947,956,947,948
21.320000000000533,10000,948,963,956,947
21.330000000000535,10000,959,973,959,954
21.340000000000536,10000,963,976,968,947
21.350000000000538,10000,951,969,965,940
21.36000000000054,10000,942,958,973,934
21.37000000000054,10000,945,966,966,941
21.380000000000543,10000,946,974,974,951
21.390000000000544,10000,938,969,962,944
21.400000000000546,10000,933,958,972,944
21.410000000000547,10000,942,956,951,934
21.42000000000055,10000,935,948,951,933
21.43000000000055,10000,946,954,952,932
21.440000000000552,10000,955,955,966,952
21.450000000000554,10000,965,963,959,955
21.460000000000555,10000,956,965,948,961
21.470000000000557,10000,952,962,943,947
21.480000000000558,10000,960,961,962,953
21.49000000000056,10000,969,961,975,958
21.50000000000056,10000,974,962,984,968
21.510000000000563,10000,972,962,984,963
21.520000000000564,10000,962,965,976,972
21.530000000000566,10000,941,962,948,962
21.540000000000568,10000,941,954,944,956
21.55000000000057,10000,948,953,947,950
21.56000000000057,10000,950,953,956,945
21.570000000000572,10000,951,963,951,943
21.580000000000574,10000,950,961,955,946
21.590000000000575,10000,962,965,962,952
21.600000000000577,10000,966,968,981,960
21.61000000000058,10000,970,969,977,959
21.62000000000058,10000,970,966,972,961
21.63000000000058,10000,962,969,962,952
21.640000000000583,10000,947,972,968,952
21.650000000000585,10000,948,970,959,953
21.660000000000586,10000,958,981,962,962
21.670000000000588,10000,961,976,963,973
21.68000000000059,10000,953,991,966,969
21.69000000000059,10000,955,977,970,969
21.700000000000593,10000,960,965,955,972
21.710000000000594,10000,965,956,969,968
21.720000000000596,10000,974,961,974,967
21.730000000000597,10000,970,965,975,958
21.7400000000006,10000,965,967,955,961
21.7500000000006,10000,951,967,953,968
21.760000000000602,10000,956,966,948,968
21.770000000000604,10000,947,963,962,967
21.780000000000605,10000,944,961,963,965
21.790000000000607,10000,938,954,974,965
21.80000000000061,10000,946,951,968,962
21.81000000000061,10000,941,951,972,958
21.82000000000061,10000,951,950,967,956
21.830000000000613,10000,960,960,975,960
21.840000000000614,10000,959,967,959,963
21.850000000000616,10000,950,970,960,959
21.860000000000618,10000,947,966,942,954
21.87000000000062,10000,943,970,960,966
21.88000000000062,10000,947,968,967,966
21.890000000000622,10000,958,977,977,968
21.900000000000624,10000,962,959,967,966
21.910000000000625,10000,958,959,959,962
21.920000000000627,10000,968,953,958,950
21.93000000000063,10000,968,961,969,952
21.94000000000063,10000,974,959,958,952
21.95000000000063,10000,973,962,954,960
21.960000000000633,10000,968,953,944,961
21.970000000000635,10000,948,959,951,956
21.980000000000636,10000,950,961,953,950
21.990000000000638,10000,947,961,955,941
22.00000000000064,10000,953,960,960,954
22.01000000000064,10000,947,945,963,958
22.020000000000643,10000,943,931,979,951
22.030000000000644,10000,948,936,968,935
22.040000000000646,10000,956,933,950,926
22.050000000000647,10000,953,950,934,936
22.06000000000065,10000,960,956,945,944
22.07000000000065,10000,956,967,967,953
22.080000000000652,10000,937,965,966,962
22.090000000000654,10000,918,962,951,950
22.100000000000655,10000,913,968,945,944
22.110000000000657,10000,932,975,946,943
22.12000000000066,10000,950,980,959,948
22.13000000000066,10000,961,987,969,953
22.14000000000066,10000,961,976,967,956
22.150000000000663,10000,947,970,969,956
22.160000000000664,10000,940,968,965,948
22.170000000000666,10000,938,969,952,944
22.180000000000668,10000,956,967,943,944
22.19000000000067,10000,952,966,952,950
22.20000000000067,10000,942,962,960,941
22.210000000000672,10000,931,955,946,947
22.220000000000674,10000,938,960,947,945
22.230000000000675,10000,952,950,942,952
22.240000000000677,10000,960,937,965,955
22.25000000000068,10000,969,940,961,948
22.26000000000068,10000,970,951,946,940
22.27000000000068,10000,960,955,946,941
22.280000000000683,10000,950,954,951,952
22.290000000000685,10000,935,959,965,953
22.300000000000686,10000,928,956,968,944
22.310000000000688,10000,928,951,968,931
22.32000000000069,10000,928,933,954,926
22.33000000000069,10000,936,938,955,916
22.340000000000693,10000,943,941,959,920
22.350000000000694,10000,946,948,951,923
22.360000000000696,10000,946,950,956,944
22.370000000000697,10000,951,946,961,944
22.3800000000007,10000,954,942,963,948
22.3900000000007,10000,950,958,958,941
22.400000000000702,10000,933,969,952,941
22.410000000000704,10000,941,976,961,954
22.420000000000705,10000,945,980,970,951
22.430000000000707,10000,936,975,955,951
22.44000000000071,10000,940,962,967,954
22.45000000000071,10000,944,947,958,951
22.46000000000071,10000,943,944,931,937
22.470000000000713,10000,937,956,928,944
