t,i1,i2,i3,i4,i5,i6
0.0,100,0,0,0,0,5000
0.01,100,0,0,0,0,5000
0.02,100,0,0,0,0,5000
0.03,100,0,0,0,0,5000
0.04,100,0,0,0,0,5000
0.05,100,0,0,0,0,4989
0.060000000000000005,100,0,0,0,0,4966
0.07,100,1,1,1,0,4932
0.08,100,2,2,2,1,4886
0.09,100,3,3,4,2,4827
0.09999999999999999,100,4,4,6,3,4758
0.10999999999999999,100,6,6,8,4,4680
0.11999999999999998,100,8,8,11,5,4594
0.12999999999999998,100,10,9,13,7,4498
0.13999999999999999,100,12,11,16,8,4395
0.15,100,14,13,20,11,4284
0.16,100,16,15,23,13,4165
0.17,100,19,18,26,15,4038
0.18000000000000002,100,21,20,30,18,3903
0.19000000000000003,100,24,23,34,21,3760
0.20000000000000004,100,27,26,37,24,3608
0.21000000000000005,100,31,29,41,27,3448
0.22000000000000006,100,34,32,45,31,3281
0.23000000000000007,100,37,36,49,34,3107
0.24000000000000007,100,41,39,53,38,2928
0.25000000000000006,100,45,43,57,42,2744
0.26000000000000006,100,48,47,60,46,2556
0.2700000000000001,100,52,51,64,50,2365
0.2800000000000001,100,56,55,68,53,2173
0.2900000000000001,100,60,58,71,57,1981
0.3000000000000001,100,64,62,74,61,1789
0.3100000000000001,100,67,66,78,65,1600
0.3200000000000001,100,71,70,81,68,1415
0.3300000000000001,100,75,74,84,72,1234
0.34000000000000014,100,78,77,87,75,1058
0.35000000000000014,100,82,81,90,78,889
0.36000000000000015,100,85,84,92,81,728
0.37000000000000016,100,88,87,95,84,576
0.38000000000000017,100,91,90,97,87,432
0.3900000000000002,100,94,93,99,89,299
0.4000000000000002,100,96,96,101,92,176
0.4100000000000002,100,98,99,103,94,65
0.4200000000000002,100,100,101,104,96,-34
0.4300000000000002,100,102,103,106,97,-122
0.4400000000000002,100,104,105,107,99,-201
0.45000000000000023,100,105,107,107,100,-269
0.46000000000000024,100,106,108,108,101,-328
0.47000000000000025,100,107,109,109,103,-377
0.48000000000000026,100,108,110,109,103,-417
0.49000000000000027,100,108,111,109,104,-448
0.5000000000000002,100,109,111,109,105,-471
0.5100000000000002,100,109,111,108,105,-483
0.5200000000000002,100,109,111,108,106,-484
0.5300000000000002,100,109,110,107,106,-476
0.5400000000000003,100,109,110,106,106,-456
0.5500000000000003,100,108,109,105,106,-426
0.5600000000000003,100,107,108,104,105,-384
0.5700000000000003,100,106,106,103,105,-333
0.5800000000000003,100,105,105,102,104,-270
0.5900000000000003,100,103,103,100,103,-199
0.6000000000000003,100,102,101,99,102,-120
0.6100000000000003,100,100,99,97,101,-33
0.6200000000000003,100,98,97,95,100,59
0.6300000000000003,100,96,95,94,98,157
0.6400000000000003,100,94,93,92,96,260
0.6500000000000004,100,92,90,90,95,367
0.6600000000000004,100,90,88,88,93,476
0.6700000000000004,100,88,86,85,90,589
0.6800000000000004,100,85,83,83,88,704
0.6900000000000004,100,83,81,81,86,820
0.7000000000000004,100,81,79,79,84,938
0.7100000000000004,100,78,77,76,81,1057
0.7200000000000004,100,76,74,74,79,1177
0.7300000000000004,100,74,72,72,76,1297
0.7400000000000004,100,71,70,69,74,1417
0.7500000000000004,100,69,68,67,71,1537
0.7600000000000005,100,66,66,65,68,1655
0.7700000000000005,100,64,64,62,66,1774
0.7800000000000005,100,62,62,60,63,1891
0.7900000000000005,100,59,60,58,61,2007
0.8000000000000005,100,57,58,56,59,2122
0.8100000000000005,100,55,56,54,57,2235
0.8200000000000005,100,53,55,52,54,2346
0.8300000000000005,100,50,53,50,52,2454
0.8400000000000005,100,48,51,48,51,2560
0.8500000000000005,100,46,50,47,49,2663
0.8600000000000005,100,44,48,45,47,2763
0.8700000000000006,100,42,47,44,46,2858
0.8800000000000006,100,41,45,43,44,2947
0.8900000000000006,100,39,44,42,43,3029
0.9000000000000006,100,37,42,41,41,3103
0.9100000000000006,100,36,41,41,40,3168
0.9200000000000006,100,35,40,40,39,3224
0.9300000000000006,100,34,39,40,38,3269
0.9400000000000006,100,33,38,39,37,3306
0.9500000000000006,100,33,37,39,36,3332
0.9600000000000006,100,33,37,38,36,3348
0.9700000000000006,100,32,36,38,36,3355
0.9800000000000006,100,32,36,38,36,3351
0.9900000000000007,100,33,36,39,36,3338
1.0000000000000007,100,33,36,39,36,3315
1.0100000000000007,100,34,37,39,36,3282
1.0200000000000007,100,35,37,40,37,3240
1.0300000000000007,100,36,38,41,38,3189
1.0400000000000007,100,37,38,42,38,3130
1.0500000000000007,100,38,39,43,40,3062
1.0600000000000007,100,40,41,44,41,2987
1.0700000000000007,100,41,42,45,42,2904
1.0800000000000007,100,43,43,47,44,2815
1.0900000000000007,100,45,45,48,45,2720
1.1000000000000008,100,47,47,50,47,2620
1.1100000000000008,100,49,49,52,49,2515
1.1200000000000008,100,51,51,54,51,2406
1.1300000000000008,100,54,53,56,53,2292
1.1400000000000008,100,56,55,58,55,2175
1.1500000000000008,100,58,57,60,57,2056
1.1600000000000008,100,61,59,62,59,1936
1.1700000000000008,100,63,62,64,61,1815
1.1800000000000008,100,66,64,66,63,1696
1.1900000000000008,100,68,66,68,65,1578
1.2000000000000008,100,70,69,70,68,1463
1.2100000000000009,100,72,71,72,70,1352
1.2200000000000009,100,75,73,74,72,1245
1.2300000000000009,100,77,75,76,74,1143
1.2400000000000009,100,79,77,78,76,1048
1.2500000000000009,100,80,79,80,78,958
1.260000000000001,100,82,81,82,79,875
1.270000000000001,100,83,83,83,81,800
1.280000000000001,100,85,84,85,83,731
1.290000000000001,100,86,86,86,84,670
1.300000000000001,100,87,87,87,85,616
1.310000000000001,100,88,89,88,87,569
1.320000000000001,100,89,90,89,88,529
1.330000000000001,100,90,91,90,89,495
1.340000000000001,100,90,92,90,89,466
1.350000000000001,100,91,92,90,90,443
1.360000000000001,100,91,93,90,91,425
1.370000000000001,100,91,93,90,91,411
1.380000000000001,100,91,94,90,91,402
1.390000000000001,100,92,94,90,91,397
1.400000000000001,100,92,94,89,91,397
1.410000000000001,100,91,94,89,91,402
1.420000000000001,100,91,94,88,90,412
1.430000000000001,100,91,93,87,90,428
1.440000000000001,100,91,93,86,89,449
1.450000000000001,100,90,92,85,89,476
1.460000000000001,100,89,91,84,88,508
1.470000000000001,100,89,90,83,87,546
1.480000000000001,100,88,89,82,86,590
1.490000000000001,100,87,88,81,86,639
1.500000000000001,100,86,87,80,85,693
1.5100000000000011,100,84,85,78,84,753
1.5200000000000011,100,83,84,77,83,818
1.5300000000000011,100,82,82,76,81,887
1.5400000000000011,100,80,81,75,80,961
1.5500000000000012,100,79,79,73,79,1037
1.5600000000000012,100,77,78,72,78,1117
1.5700000000000012,100,76,76,71,77,1198
1.5800000000000012,100,74,74,70,76,1281
1.5900000000000012,100,72,73,69,74,1364
1.6000000000000012,150,71,71,68,73,3948
1.6100000000000012,150,69,70,67,72,4030
1.6200000000000012,150,67,68,66,70,4111
1.6300000000000012,150,66,67,65,69,4187
1.6400000000000012,150,64,65,64,68,4256
1.6500000000000012,150,63,64,63,67,4316
1.6600000000000013,150,62,63,63,66,4366
1.6700000000000013,150,61,63,62,65,4405
1.6800000000000013,150,61,62,62,64,4433
1.6900000000000013,150,60,62,62,63,4451
1.7000000000000013,150,60,61,62,63,4460
1.7100000000000013,150,60,61,62,63,4462
1.7200000000000013,150,60,61,63,62,4455
1.7300000000000013,150,61,61,63,62,4439
1.7400000000000013,150,61,62,64,62,4414
1.7500000000000013,150,62,62,65,63,4380
1.7600000000000013,150,63,63,66,63,4336
1.7700000000000014,150,64,63,67,64,4284
1.7800000000000014,150,65,64,68,65,4222
1.7900000000000014,150,66,65,70,66,4152
1.8000000000000014,150,68,67,71,67,4073
1.8100000000000014,150,70,68,73,69,3986
1.8200000000000014,150,72,70,75,71,3892
1.8300000000000014,150,74,72,77,72,3790
1.8400000000000014,150,76,74,79,74,3682
1.8500000000000014,150,78,76,82,77,3568
1.8600000000000014,150,81,79,84,79,3448
1.8700000000000014,150,83,81,86,81,3323
1.8800000000000014,150,86,84,89,84,3194
1.8900000000000015,150,88,87,92,86,3060
1.9000000000000015,150,91,89,94,89,2925
1.9100000000000015,150,94,92,97,92,2788
1.9200000000000015,150,96,95,100,95,2650
1.9300000000000015,150,99,98,102,97,2513
1.9400000000000015,150,102,101,105,100,2377
1.9500000000000015,150,105,103,108,103,2243
1.9600000000000015,150,107,106,110,106,2112
1.9700000000000015,150,110,109,113,108,1985
1.9800000000000015,150,112,112,115,111,1862
1.9900000000000015,150,115,114,117,113,1745
2.0000000000000013,150,117,117,119,116,1632
2.010000000000001,150,119,119,122,118,1525
2.020000000000001,150,121,122,124,120,1424
2.0300000000000007,150,123,124,125,122,1330
2.0400000000000005,150,125,126,127,124,1243
2.0500000000000003,150,126,128,129,126,1163
2.06,150,128,129,130,127,1090
2.07,150,129,131,131,128,1024
2.0799999999999996,150,130,132,132,130,966
2.0899999999999994,150,131,134,133,131,914
2.099999999999999,150,132,135,134,132,870
2.109999999999999,150,133,135,135,132,832
2.1199999999999988,150,133,136,135,133,802
2.1299999999999986,150,134,137,135,134,779
2.1399999999999983,150,134,137,136,134,761
2.149999999999998,150,135,137,136,134,749
2.159999999999998,150,135,137,135,134,743
2.1699999999999977,150,135,137,135,134,740
2.1799999999999975,150,135,136,135,134,743
2.1899999999999973,150,134,136,134,134,750
2.199999999999997,150,134,135,133,134,762
2.209999999999997,150,134,135,132,133,779
2.2199999999999966,150,133,134,131,133,801
2.2299999999999964,150,133,133,130,132,828
2.239999999999996,150,132,132,129,131,860
2.249999999999996,150,132,131,128,130,898
2.259999999999996,150,131,130,127,129,941
2.2699999999999956,150,130,128,125,128,988
2.2799999999999954,150,129,127,124,127,1041
2.289999999999995,150,128,126,123,125,1097
2.299999999999995,150,126,124,121,124,1157
2.3099999999999947,150,125,123,120,123,1221
2.3199999999999945,150,124,121,118,121,1287
2.3299999999999943,150,122,120,117,120,1356
2.339999999999994,150,121,118,115,119,1427
2.349999999999994,150,119,117,114,117,1500
2.3599999999999937,150,118,115,113,116,1575
2.3699999999999934,150,116,114,111,115,1653
2.3799999999999932,150,115,112,110,113,1732
2.389999999999993,150,113,111,109,112,1813
2.399999999999993,150,112,110,108,111,1897
2.4099999999999926,150,110,108,107,109,1983
2.4199999999999924,150,108,107,106,108,2070
2.429999999999992,150,106,106,105,107,2157
2.439999999999992,150,105,105,104,105,2242
2.4499999999999917,150,103,103,103,104,2325
2.4599999999999915,150,101,102,103,103,2403
2.4699999999999913,150,100,101,102,101,2476
2.479999999999991,150,99,100,102,100,2543
2.489999999999991,150,97,99,101,99,2604
2.4999999999999907,150,96,98,101,98,2658
2.5099999999999905,150,95,98,100,97,2705
2.5199999999999902,150,95,97,100,96,2747
2.52999999999999,150,94,96,99,96,2783
2.53999999999999,150,93,95,98,95,2815
2.5499999999999896,150,93,94,98,94,2842
2.5599999999999894,150,92,93,97,94,2864
2.569999999999989,150,92,93,97,93,2881
2.579999999999989,150,92,92,97,93,2893
2.5899999999999888,150,91,92,96,93,2901
2.5999999999999885,150,91,91,96,92,2904
2.6099999999999883,150,91,91,96,92,2903
2.619999999999988,150,92,91,96,92,2899
2.629999999999988,150,92,91,96,92,2891
2.6399999999999877,150,92,91,96,92,2880
2.6499999999999875,150,92,91,96,92,2867
2.6599999999999873,150,92,91,96,92,2853
2.669999999999987,150,93,92,96,92,2837
2.679999999999987,150,93,92,96,93,2819
2.6899999999999866,150,94,93,96,93,2799
2.6999999999999864,150,94,94,97,94,2777
2.709999999999986,150,94,94,97,94,2753
2.719999999999986,150,95,95,98,95,2727
2.7299999999999858,150,96,96,98,96,2697
2.7399999999999856,150,96,97,99,97,2664
2.7499999999999853,150,97,98,99,97,2628
2.759999999999985,150,98,99,100,98,2588
2.769999999999985,150,99,101,101,99,2545
2.7799999999999847,150,100,102,102,101,2499
2.7899999999999845,150,100,103,102,102,2451
2.7999999999999843,150,101,104,103,103,2401
2.809999999999984,150,102,105,104,104,2350
2.819999999999984,150,104,106,105,105,2298
2.8299999999999836,150,105,107,106,106,2246
2.8399999999999834,150,106,108,107,107,2195
2.849999999999983,150,107,109,108,108,2145
2.859999999999983,150,108,110,108,109,2097
2.869999999999983,150,108,111,109,110,2050
2.8799999999999826,150,109,112,110,111,2005
2.8899999999999824,150,110,113,111,112,1963
2.899999999999982,150,111,114,112,113,1923
2.909999999999982,150,112,114,112,113,1886
2.9199999999999817,150,112,115,113,114,1852
2.9299999999999815,150,113,116,114,115,1820
2.9399999999999813,150,114,117,114,115,1791
2.949999999999981,150,114,118,115,116,1762
2.959999999999981,150,115,118,115,116,1735
2.9699999999999807,150,115,119,116,117,1710
2.9799999999999804,150,116,119,116,117,1685
2.9899999999999802,150,116,119,116,117,1661
2.99999999999998,150,117,119,116,118,1638
3.00999999999998,150,117,119,116,118,1616
3.0199999999999796,150,118,119,116,118,1596
3.0299999999999794,150,118,119,116,118,1580
3.039999999999979,150,118,119,116,118,1566
3.049999999999979,150,118,119,116,119,1557
3.0599999999999787,150,118,118,116,119,1552
3.0699999999999785,150,118,118,116,119,1552
3.0799999999999783,150,118,118,115,119,1557
3.089999999999978,150,118,118,115,118,1566
3.099999999999978,150,118,117,115,118,1580
3.1099999999999777,150,118,117,114,118,1598
3.1199999999999775,150,117,117,114,118,1619
3.1299999999999772,150,117,116,113,117,1644
3.139999999999977,150,116,116,113,117,1671
3.149999999999977,150,115,116,112,117,1700
3.1599999999999766,150,115,115,112,116,1731
3.1699999999999764,150,114,115,111,116,1764
3.179999999999976,150,114,115,111,115,1797
3.189999999999976,150,113,115,110,115,1832
3.1999999999999758,150,112,114,110,114,1866
3.2099999999999755,150,111,114,109,114,1900
3.2199999999999753,150,111,114,109,113,1934
3.229999999999975,150,110,113,108,112,1968
3.239999999999975,150,109,113,107,112,2001
3.2499999999999747,150,109,112,107,111,2034
3.2599999999999745,150,108,112,106,111,2067
3.2699999999999743,150,108,111,106,110,2099
3.279999999999974,150,107,111,105,110,2131
3.289999999999974,150,106,110,105,109,2162
3.2999999999999736,150,106,110,104,108,2192
3.3099999999999734,150,105,109,104,108,2220
3.319999999999973,150,105,109,103,107,2246
3.329999999999973,150,104,108,103,107,2272
3.3399999999999728,150,104,108,103,106,2296
3.3499999999999726,150,103,107,103,106,2318
3.3599999999999723,150,103,106,102,105,2340
3.369999999999972,150,102,106,102,105,2360
3.379999999999972,150,102,105,102,105,2379
3.3899999999999717,150,102,105,102,104,2397
3.3999999999999715,150,101,104,102,104,2411
3.4099999999999713,150,101,104,102,103,2423
3.419999999999971,150,101,104,102,103,2431
3.429999999999971,150,101,103,102,103,2436
3.4399999999999706,150,101,103,102,103,2438
3.4499999999999704,150,101,103,102,102,2436
3.45999999999997,150,101,102,103,102,2431
3.46999999999997,150,101,102,103,102,2424
3.47999999999997,150,101,102,103,102,2414
3.4899999999999696,150,101,102,103,102,2402
3.4999999999999694,150,102,102,103,102,2389
3.509999999999969,150,102,102,104,102,2375
3.519999999999969,150,102,102,104,102,2360
3.5299999999999687,150,103,103,104,102,2345
3.5399999999999685,150,103,103,104,102,2330
3.5499999999999683,150,103,103,105,102,2316
3.559999999999968,150,103,103,105,102,2301
3.569999999999968,150,104,104,105,102,2286
3.5799999999999677,150,104,104,106,103,2271
3.5899999999999674,150,104,104,106,103,2256
3.5999999999999672,150,105,105,107,103,2241
3.609999999999967,150,105,105,107,103,2227
3.619999999999967,200,105,106,107,104,4712
3.6299999999999666,200,106,106,108,104,4697
3.6399999999999664,200,106,107,108,105,4681
3.649999999999966,200,106,107,109,105,4661
3.659999999999966,200,107,108,109,106,4638
3.6699999999999657,200,107,108,110,107,4609
3.6799999999999655,200,108,109,111,107,4575
3.6899999999999653,200,109,110,111,108,4536
3.699999999999965,200,110,111,112,109,4492
3.709999999999965,200,111,112,113,110,4443
3.7199999999999647,200,112,113,114,111,4391
3.7299999999999645,200,113,114,115,113,4336
3.7399999999999642,200,114,115,116,114,4278
3.749999999999964,200,115,116,118,115,4219
3.759999999999964,200,116,117,119,116,4157
3.7699999999999636,200,118,118,120,118,4093
3.7799999999999634,200,119,120,122,119,4027
3.789999999999963,200,120,121,123,121,3958
3.799999999999963,200,122,122,125,122,3885
3.8099999999999627,200,123,124,126,124,3810
3.8199999999999625,200,125,125,128,125,3731
3.8299999999999623,200,127,127,129,127,3649
3.839999999999962,200,128,128,131,128,3565
3.849999999999962,200,130,130,132,130,3479
3.8599999999999617,200,132,132,134,132,3392
3.8699999999999615,200,133,133,135,133,3303
3.8799999999999613,200,135,135,137,135,3214
3.889999999999961,200,137,137,139,137,3126
3.899999999999961,200,139,138,140,138,3040
3.9099999999999606,200,140,140,142,140,2956
3.9199999999999604,200,142,141,143,141,2875
3.92999999999996,200,144,143,145,143,2796
3.93999999999996,200,145,145,146,144,2721
3.9499999999999598,200,147,146,148,146,2648
3.9599999999999596,200,148,148,149,147,2579
3.9699999999999593,200,149,149,151,148,2512
3.979999999999959,200,151,150,152,150,2448
3.989999999999959,200,152,152,153,151,2387
3.9999999999999587,200,153,153,154,152,2328
4.009999999999959,200,154,154,155,153,2273
4.019999999999959,200,155,155,156,154,2221
4.0299999999999585,200,156,156,157,155,2172
4.039999999999958,200,157,157,158,156,2126
4.049999999999958,200,158,157,158,156,2084
4.059999999999958,200,159,158,159,157,2046
4.069999999999958,200,159,159,160,158,2012
4.079999999999957,200,160,159,160,158,1982
4.089999999999957,200,160,160,160,159,1957
4.099999999999957,200,161,160,160,159,1936
4.109999999999957,200,161,161,161,160,1920
4.119999999999957,200,161,161,161,160,1907
4.129999999999956,200,162,161,161,160,1899
4.139999999999956,200,162,162,161,161,1894
4.149999999999956,200,162,162,161,161,1894
4.159999999999956,200,162,162,160,161,1896
4.1699999999999555,200,161,162,160,161,1902
4.179999999999955,200,161,162,160,161,1912
4.189999999999955,200,161,161,160,161,1924
4.199999999999955,200,161,161,159,161,1939
4.209999999999955,200,160,161,159,160,1956
4.2199999999999545,200,160,161,158,160,1976
4.229999999999954,200,160,160,158,160,1998
4.239999999999954,200,159,160,157,159,2023
4.249999999999954,200,159,159,157,159,2049
4.259999999999954,200,158,159,156,158,2076
4.269999999999953,200,157,158,155,158,2105
4.279999999999953,200,157,158,155,157,2135
4.289999999999953,200,156,157,154,156,2165
4.299999999999953,200,156,156,153,156,2195
4.3099999999999525,200,155,156,152,155,2226
4.319999999999952,200,154,155,152,154,2257
4.329999999999952,200,154,154,151,153,2288
4.339999999999952,200,153,154,150,153,2321
4.349999999999952,200,152,153,150,152,2354
4.3599999999999515,200,152,152,149,151,2389
4.369999999999951,200,151,152,148,150,2426
4.379999999999951,200,150,151,148,150,2464
4.389999999999951,200,149,150,147,149,2504
4.399999999999951,200,149,150,147,148,2545
4.40999999999995,200,148,149,146,148,2586
4.41999999999995,200,147,148,146,147,2626
4.42999999999995,200,146,148,145,146,2666
4.43999999999995,200,145,147,145,145,2704
4.4499999999999496,200,145,146,145,145,2740
4.459999999999949,200,144,146,144,144,2773
4.469999999999949,200,143,145,144,144,2803
4.479999999999949,200,143,145,144,143,2829
4.489999999999949,200,142,144,143,143,2852
4.4999999999999485,200,142,144,143,142,2872
4.509999999999948,200,142,143,143,142,2890
4.519999999999948,200,141,143,143,142,2905
4.529999999999948,200,141,143,143,141,2917
4.539999999999948,200,141,143,142,141,2928
4.549999999999947,200,141,142,142,141,2938
4.559999999999947,200,141,142,142,141,2946
4.569999999999947,200,140,142,142,141,2953
4.579999999999947,200,140,142,142,140,2960
4.589999999999947,200,140,142,142,140,2966
4.599999999999946,200,140,142,142,140,2971
4.609999999999946,200,140,142,142,140,2975
4.619999999999946,200,140,142,142,140,2978
4.629999999999946,200,140,142,143,140,2978
4.6399999999999455,200,140,142,143,140,2976
4.649999999999945,200,140,142,143,141,2972
4.659999999999945,200,140,143,143,141,2965
4.669999999999945,200,140,143,143,141,2955
4.679999999999945,200,141,143,143,141,2943
4.689999999999944,200,141,143,143,141,2930
4.699999999999944,200,141,143,144,142,2915
4.709999999999944,200,142,143,144,142,2899
4.719999999999944,200,142,144,144,142,2884
4.729999999999944,200,142,144,144,142,2870
4.739999999999943,200,142,144,144,143,2855
4.749999999999943,200,143,144,145,143,2842
4.759999999999943,200,143,144,145,143,2828
4.769999999999943,200,143,145,145,143,2816
4.7799999999999425,200,143,145,145,143,2803
4.789999999999942,200,144,145,145,144,2790
4.799999999999942,200,144,145,146,144,2778
4.809999999999942,200,144,146,146,144,2766
4.819999999999942,200,144,146,146,144,2754
4.8299999999999415,200,145,146,146,144,2741
4.839999999999941,200,145,146,146,144,2727
4.849999999999941,200,145,147,147,145,2713
4.859999999999941,200,146,147,147,145,2698
4.869999999999941,200,146,147,147,145,2683
4.87999999999994,200,146,147,147,145,2669
4.88999999999994,200,146,148,147,146,2655
4.89999999999994,200,147,148,147,146,2642
4.90999999999994,200,147,148,148,146,2630
4.9199999999999395,200,147,148,148,146,2621
4.929999999999939,200,147,148,148,146,2613
4.939999999999939,200,147,149,148,147,2607
4.949999999999939,200,147,149,148,147,2602
4.959999999999939,200,148,149,148,147,2598
4.9699999999999385,200,148,149,148,147,2595
4.979999999999938,200,148,149,148,147,2591
4.989999999999938,200,148,149,149,147,2587
4.999999999999938,200,148,149,149,147,2583
5.009999999999938,200,148,149,149,148,2578
5.019999999999937,200,148,149,149,148,2573
5.029999999999937,200,148,149,149,148,2568
5.039999999999937,200,148,149,149,148,2564
5.049999999999937,200,148,149,148,148,2560
5.0599999999999365,200,148,149,148,148,2557
5.069999999999936,200,148,149,148,148,2554
5.079999999999936,200,148,149,148,148,2553
5.089999999999936,200,148,149,148,148,2553
5.099999999999936,200,148,149,148,148,2555
5.1099999999999355,200,148,149,148,148,2557
5.119999999999935,200,148,149,147,148,2560
5.129999999999935,200,148,149,147,148,2564
5.139999999999935,200,148,149,147,148,2567
5.149999999999935,200,148,149,147,147,2571
5.159999999999934,200,148,149,147,147,2575
5.169999999999934,200,148,149,147,147,2579
5.179999999999934,200,148,149,147,147,2584
5.189999999999934,200,148,149,147,147,2590
5.199999999999934,200,148,148,146,147,2596
5.209999999999933,200,147,148,146,147,2604
5.219999999999933,200,147,148,146,146,2614
5.229999999999933,200,147,148,146,146,2625
5.239999999999933,200,147,147,146,146,2637
5.2499999999999325,200,146,147,146,146,2650
5.259999999999932,200,146,147,146,146,2664
5.269999999999932,200,146,146,146,146,2680
5.279999999999932,200,146,146,146,145,2697
5.289999999999932,200,145,146,146,145,2714
5.299999999999931,200,145,146,146,145,2731
5.309999999999931,200,145,146,146,145,2747
5.319999999999931,200,144,145,146,145,2762
5.329999999999931,200,144,145,146,145,2774
5.339999999999931,200,144,145,146,144,2784
5.34999999999993,200,144,145,146,144,2791
5.35999999999993,200,144,145,146,144,2794
5.36999999999993,200,144,144,145,144,2795
5.37999999999993,200,144,144,145,144,2794
5.3899999999999295,200,144,144,145,144,2790
5.399999999999929,200,144,144,145,144,2785
5.409999999999929,200,144,144,145,144,2780
5.419999999999929,200,144,144,145,143,2774
5.429999999999929,200,144,144,145,143,2769
5.4399999999999284,200,144,144,145,143,2764
5.449999999999928,200,144,145,145,143,2761
5.459999999999928,200,144,145,145,143,2757
5.469999999999928,200,144,145,145,143,2753
5.479999999999928,200,145,145,145,143,2749
5.489999999999927,200,145,145,145,143,2743
5.499999999999927,200,145,145,145,143,2737
5.509999999999927,200,145,145,145,143,2729
5.519999999999927,200,145,145,145,144,2721
5.5299999999999265,200,145,145,145,144,2712
5.539999999999926,200,145,145,145,144,2704
5.549999999999926,200,146,145,145,144,2697
5.559999999999926,200,146,145,145,144,2691
5.569999999999926,200,146,145,145,144,2686
5.5799999999999255,200,146,145,145,144,2682
5.589999999999925,200,146,145,146,144,2680
5.599999999999925,200,146,145,146,144,2679
5.609999999999925,200,146,145,146,144,2679
5.619999999999925,200,146,145,146,144,2680
5.629999999999924,200,146,145,146,144,2682
5.639999999999924,250,146,145,146,144,5185
5.649999999999924,250,146,145,146,144,5189
5.659999999999924,250,146,145,146,144,5194
5.6699999999999235,250,146,145,146,144,5197
5.679999999999923,250,146,145,146,144,5197
5.689999999999923,250,146,145,146,144,5193
5.699999999999923,250,146,145,147,144,5185
5.709999999999923,250,146,146,147,145,5173
5.7199999999999225,250,146,146,147,145,5156
5.729999999999922,250,147,147,148,146,5135
5.739999999999922,250,147,147,148,146,5111
5.749999999999922,250,148,148,149,147,5083
5.759999999999922,250,148,149,149,148,5053
5.769999999999921,250,149,149,150,149,5021
5.779999999999921,250,150,150,151,150,4985
5.789999999999921,250,151,151,152,151,4946
5.799999999999921,250,151,152,153,152,4904
5.809999999999921,250,152,153,154,153,4858
5.81999999999992,250,153,154,154,154,4808
5.82999999999992,250,154,155,156,155,4754
5.83999999999992,250,156,156,157,156,4696
5.84999999999992,250,157,157,158,157,4636
5.8599999999999195,250,158,158,159,158,4574
5.869999999999919,250,159,159,160,159,4511
5.879999999999919,250,161,161,161,161,4448
5.889999999999919,250,162,162,163,162,4387
5.899999999999919,250,163,163,164,163,4328
5.909999999999918,250,164,165,165,164,4272
5.919999999999918,250,165,166,166,166,4217
5.929999999999918,250,166,167,168,167,4164
5.939999999999918,250,167,168,169,168,4112
5.949999999999918,250,168,170,170,169,4062
5.959999999999917,250,169,171,171,170,4012
5.969999999999917,250,170,172,172,171,3963
5.979999999999917,250,171,173,173,172,3914
5.989999999999917,250,172,174,174,173,3865
5.9999999999999165,250,173,175,175,173,3817
6.009999999999916,250,174,176,176,174,3770
6.019999999999916,250,175,177,177,175,3724
6.029999999999916,250,176,178,178,176,3681
6.039999999999916,250,177,179,179,176,3640
6.0499999999999154,250,177,180,180,177,3601
6.059999999999915,250,178,181,180,178,3564
6.069999999999915,250,179,181,181,178,3529
6.079999999999915,250,180,182,182,179,3496
6.089999999999915,250,180,183,182,180,3465
6.099999999999914,250,181,184,183,180,3435
6.109999999999914,250,181,184,183,181,3406
6.119999999999914,250,182,185,183,181,3380
6.129999999999914,250,182,185,184,182,3356
6.1399999999999135,250,183,186,184,182,3334
6.149999999999913,250,183,186,184,183,3315
6.159999999999913,250,184,186,184,183,3299
6.169999999999913,250,184,187,185,184,3284
6.179999999999913,250,184,187,185,184,3272
6.1899999999999125,250,184,187,185,184,3261
6.199999999999912,250,184,187,185,184,3252
6.209999999999912,250,185,187,185,184,3244
6.219999999999912,250,185,187,185,184,3238
6.229999999999912,250,185,187,185,184,3231
6.239999999999911,250,185,187,185,184,3225
6.249999999999911,250,185,186,184,184,3220
6.259999999999911,250,185,186,184,184,3216
6.269999999999911,250,185,186,184,184,3214
6.2799999999999105,250,185,186,184,183,3214
6.28999999999991,250,185,185,184,183,3216
6.29999999999991,250,185,185,184,183,3221
6.30999999999991,250,185,185,183,183,3227
6.31999999999991,250,185,185,183,183,3235
6.3299999999999095,250,185,184,183,182,3244
6.339999999999909,250,184,184,183,182,3254
6.349999999999909,250,184,184,182,182,3265
6.359999999999909,250,184,183,182,182,3276
6.369999999999909,250,184,183,182,182,3288
6.379999999999908,250,183,183,182,182,3300
6.389999999999908,250,183,183,181,182,3312
6.399999999999908,250,183,183,181,181,3325
6.409999999999908,250,183,182,181,181,3338
6.419999999999908,250,182,182,181,181,3351
6.429999999999907,250,182,182,181,181,3365
6.439999999999907,250,182,182,180,181,3380
6.449999999999907,250,182,182,180,181,3394
6.459999999999907,250,181,182,180,181,3407
6.4699999999999065,250,181,182,180,181,3420
6.479999999999906,250,181,182,180,180,3432
6.489999999999906,250,181,181,180,180,3441
6.499999999999906,250,181,181,180,180,3449
6.509999999999906,250,180,181,180,180,3457
6.519999999999905,250,180,181,180,180,3463
6.529999999999905,250,180,181,180,180,3469
6.539999999999905,250,180,181,179,180,3474
6.549999999999905,250,180,180,179,180,3479
6.559999999999905,250,180,180,179,180,3484
6.569999999999904,250,180,180,179,179,3490
6.579999999999904,250,180,180,179,179,3496
6.589999999999904,250,179,179,179,179,3502
6.599999999999904,250,179,179,179,179,3508
6.6099999999999035,250,179,179,179,179,3514
6.619999999999903,250,179,179,179,179,3519
6.629999999999903,250,179,179,179,179,3523
6.639999999999903,250,179,179,179,178,3526
6.649999999999903,250,179,179,179,178,3529
6.659999999999902,250,179,179,179,178,3530
6.669999999999902,250,179,179,179,178,3532
6.679999999999902,250,179,179,179,178,3532
6.689999999999902,250,179,179,179,178,3534
6.699999999999902,250,179,179,179,178,3536
6.709999999999901,250,179,179,179,178,3539
6.719999999999901,250,179,179,179,178,3543
6.729999999999901,250,179,179,179,178,3547
6.739999999999901,250,178,179,179,178,3551
6.7499999999999005,250,178,179,179,178,3555
6.7599999999999,250,178,179,179,178,3558
6.7699999999999,250,178,179,179,178,3560
6.7799999999999,250,178,179,179,178,3562
6.7899999999999,250,178,179,179,178,3562
6.7999999999998995,250,178,179,180,178,3561
6.809999999999899,250,178,180,180,178,3559
6.819999999999899,250,178,180,180,178,3557
6.829999999999899,250,178,180,180,178,3554
6.839999999999899,250,178,180,180,178,3550
6.849999999999898,250,179,180,180,178,3546
6.859999999999898,250,179,180,180,178,3542
6.869999999999898,250,179,180,180,178,3537
6.879999999999898,250,179,180,180,178,3531
6.8899999999998975,250,179,180,180,178,3524
6.899999999999897,250,179,180,181,178,3517
6.909999999999897,250,179,180,181,178,3509
6.919999999999897,250,179,180,181,178,3501
6.929999999999897,250,180,180,181,178,3493
6.9399999999998965,250,180,180,181,178,3487
6.949999999999896,250,180,180,181,178,3481
6.959999999999896,250,180,180,181,178,3477
6.969999999999896,250,180,180,181,178,3474
6.979999999999896,250,180,180,181,178,3472
6.989999999999895,250,180,180,182,178,3471
6.999999999999895,250,180,180,182,178,3471
7.009999999999895,250,180,180,182,178,3473
7.019999999999895,250,180,180,182,178,3474
7.0299999999998946,250,180,180,182,178,3476
7.039999999999894,250,180,180,182,178,3477
7.049999999999894,250,180,180,181,178,3477
7.059999999999894,250,180,180,181,178,3476
7.069999999999894,250,180,180,181,178,3474
7.0799999999998935,250,180,180,181,178,3469
7.089999999999893,250,180,180,181,178,3463
7.099999999999893,250,180,180,181,178,3455
7.109999999999893,250,181,180,181,178,3445
7.119999999999893,250,181,181,181,178,3436
7.129999999999892,250,181,181,181,178,3426
7.139999999999892,250,181,181,181,178,3417
7.149999999999892,250,181,181,181,178,3408
7.159999999999892,250,181,181,181,178,3400
7.169999999999892,250,182,181,181,179,3393
7.179999999999891,250,182,181,181,179,3388
7.189999999999891,250,182,181,181,179,3384
7.199999999999891,250,182,181,181,179,3382
7.209999999999891,250,182,181,181,179,3381
7.2199999999998905,250,182,181,181,179,3382
7.22999999999989,250,182,181,181,179,3385
7.23999999999989,250,182,181,181,180,3389
7.24999999999989,250,182,181,181,180,3394
7.25999999999989,250,181,181,181,180,3400
7.269999999999889,250,181,181,181,180,3407
7.279999999999889,250,181,181,181,180,3413
7.289999999999889,250,181,181,181,180,3420
7.299999999999889,250,181,180,181,180,3425
7.309999999999889,250,181,180,181,180,3430
7.319999999999888,250,181,180,181,180,3433
7.329999999999888,250,181,180,181,180,3435
7.339999999999888,250,181,180,181,180,3436
7.349999999999888,250,181,180,181,180,3436
7.3599999999998875,250,181,180,180,180,3437
7.369999999999887,250,181,180,180,180,3438
7.379999999999887,250,181,180,180,180,3440
7.389999999999887,250,181,180,180,180,3442
7.399999999999887,250,181,180,180,180,3445
7.4099999999998865,250,180,180,180,180,3450
7.419999999999886,250,180,180,180,180,3455
7.429999999999886,250,180,180,180,180,3461
7.439999999999886,250,180,180,180,180,3467
7.449999999999886,250,180,180,180,180,3473
7.459999999999885,250,180,180,180,180,3477
7.469999999999885,250,180,180,180,180,3481
7.479999999999885,250,180,180,180,180,3484
7.489999999999885,250,180,180,180,180,3487
7.4999999999998845,250,180,180,180,180,3488
7.509999999999884,250,180,180,180,180,3489
7.519999999999884,250,180,180,180,179,3491
7.529999999999884,250,180,180,180,179,3493
7.539999999999884,250,180,180,180,179,3495
7.5499999999998835,250,180,180,180,179,3496
7.559999999999883,250,180,180,179,179,3497
7.569999999999883,250,180,180,179,179,3498
7.579999999999883,250,180,180,179,178,3498
7.589999999999883,250,180,180,179,178,3497
7.599999999999882,250,180,180,179,178,3495
7.609999999999882,250,180,179,179,178,3494
7.619999999999882,250,180,179,179,178,3493
7.629999999999882,250,180,179,179,178,3492
7.6399999999998816,250,180,179,179,178,3491
7.649999999999881,250,180,179,179,178,3491
7.659999999999881,250,180,179,179,178,3493
7.669999999999881,300,180,179,179,178,5995
7.679999999999881,300,180,179,180,178,5998
7.6899999999998805,300,179,179,180,178,6000
7.69999999999988,300,180,180,180,178,5999
7.70999999999988,300,180,180,180,179,5997
7.71999999999988,300,180,180,180,179,5991
7.72999999999988,300,180,180,180,179,5982
7.739999999999879,300,180,181,180,179,5970
7.749999999999879,300,180,181,181,180,5955
7.759999999999879,300,181,182,181,180,5937
7.769999999999879,300,181,182,181,181,5916
7.779999999999879,300,182,182,182,181,5893
7.789999999999878,300,182,183,183,182,5869
7.799999999999878,300,183,183,183,183,5843
7.809999999999878,300,183,184,184,183,5814
7.819999999999878,300,184,184,184,184,5783
7.8299999999998775,300,185,185,185,184,5749
7.839999999999877,300,185,186,186,185,5713
7.849999999999877,300,186,186,187,186,5676
7.859999999999877,300,187,187,188,186,5636
7.869999999999877,300,188,187,189,187,5595
7.879999999999876,300,188,188,190,188,5553
7.889999999999876,300,189,189,190,189,5511
7.899999999999876,300,190,190,191,189,5469
7.909999999999876,300,191,191,192,190,5427
7.919999999999876,300,192,191,193,191,5386
7.929999999999875,300,193,192,194,192,5346
7.939999999999875,300,193,193,195,193,5306
7.949999999999875,300,194,194,196,193,5266
7.959999999999875,300,195,195,197,194,5226
7.9699999999998745,300,196,196,198,195,5186
7.979999999999874,300,197,197,199,196,5146
7.989999999999874,300,197,198,199,197,5107
7.999999999999874,300,198,199,200,198,5068
8.009999999999874,300,199,200,201,198,5030
8.019999999999873,300,200,201,202,199,4993
8.029999999999873,300,200,202,202,200,4957
8.039999999999873,300,201,203,203,201,4923
8.049999999999873,300,202,203,204,201,4889
8.059999999999873,300,202,204,204,202,4856
8.069999999999872,300,203,205,205,203,4823
8.079999999999872,300,204,206,205,204,4791
8.089999999999872,300,204,206,206,204,4758
8.099999999999872,300,205,207,207,205,4726
8.109999999999872,300,206,208,207,205,4695
8.119999999999871,300,206,208,207,206,4665
8.129999999999871,300,207,209,208,206,4637
8.139999999999871,300,207,209,208,207,4610
8.14999999999987,300,208,210,209,207,4585
8.15999999999987,300,208,210,209,208,4563
8.16999999999987,300,209,210,209,208,4541
8.17999999999987,300,209,211,209,208,4521
8.18999999999987,300,209,211,210,208,4503
8.19999999999987,300,210,211,210,209,4486
8.20999999999987,300,210,211,210,209,4470
8.21999999999987,300,210,211,210,209,4454
8.229999999999869,300,211,212,211,209,4440
8.239999999999869,300,211,212,211,209,4428
8.249999999999869,300,211,212,211,210,4417
8.259999999999868,300,211,212,211,210,4408
8.269999999999868,300,212,212,211,210,4399
8.279999999999868,300,212,212,211,210,4392
8.289999999999868,300,212,212,211,210,4387
8.299999999999867,300,212,212,211,210,4384
8.309999999999867,300,212,212,211,210,4383
8.319999999999867,300,212,212,211,210,4383
8.329999999999867,300,212,212,211,210,4386
8.339999999999867,300,212,212,211,210,4390
8.349999999999866,300,212,212,211,210,4395
8.359999999999866,300,211,212,211,210,4402
8.369999999999866,300,211,212,211,210,4410
8.379999999999866,300,211,212,211,210,4418
8.389999999999866,300,211,212,211,210,4427
8.399999999999865,300,211,212,211,210,4437
8.409999999999865,300,211,211,210,210,4447
8.419999999999865,300,210,211,210,209,4457
8.429999999999865,300,210,211,210,209,4468
8.439999999999864,300,210,211,210,209,4478
8.449999999999864,300,210,211,210,209,4489
8.459999999999864,300,209,210,209,208,4500
8.469999999999864,300,209,210,209,208,4510
8.479999999999864,300,209,210,209,208,4521
8.489999999999863,300,209,210,209,208,4533
8.499999999999863,300,209,210,209,207,4544
8.509999999999863,300,208,209,208,207,4555
8.519999999999863,300,208,209,208,207,4565
8.529999999999863,300,208,209,208,207,4574
8.539999999999862,300,208,209,208,206,4583
8.549999999999862,300,208,209,208,206,4590
8.559999999999862,300,208,209,208,206,4596
8.569999999999862,300,207,209,208,206,4602
8.579999999999862,300,207,208,207,206,4607
8.589999999999861,300,207,208,207,206,4611
8.599999999999861,300,207,208,207,206,4615
8.60999999999986,300,207,208,207,206,4620
8.61999999999986,300,207,208,207,205,4624
8.62999999999986,300,207,208,207,205,4629
8.63999999999986,300,207,208,207,205,4633
8.64999999999986,300,207,208,207,205,4636
8.65999999999986,300,207,208,207,205,4639
8.66999999999986,300,207,208,207,205,4642
8.67999999999986,300,207,208,207,205,4644
8.68999999999986,300,207,208,207,205,4645
8.699999999999859,300,207,208,207,205,4646
8.709999999999859,300,207,208,207,205,4647
8.719999999999859,300,207,208,207,205,4648
8.729999999999858,300,207,208,207,205,4649
8.739999999999858,300,206,207,207,205,4650
8.749999999999858,300,206,207,207,205,4652
8.759999999999858,300,206,207,207,205,4654
8.769999999999857,300,206,207,207,205,4656
8.779999999999857,300,206,207,207,205,4657
8.789999999999857,300,206,207,207,205,4657
8.799999999999857,300,206,207,207,205,4655
8.809999999999857,300,206,207,207,205,4654
8.819999999999856,300,206,207,207,205,4652
8.829999999999856,300,206,207,207,205,4650
8.839999999999856,300,206,207,207,205,4650
8.849999999999856,300,206,207,207,205,4650
8.859999999999856,300,206,207,207,205,4651
8.869999999999855,300,206,207,207,205,4651
8.879999999999855,300,206,207,207,206,4652
8.889999999999855,300,206,207,207,206,4652
8.899999999999855,300,206,207,207,206,4652
8.909999999999854,300,206,207,207,206,4651
8.919999999999854,300,207,208,207,206,4649
8.929999999999854,300,207,208,207,206,4647
8.939999999999854,300,207,208,207,206,4644
8.949999999999854,300,207,208,207,206,4640
8.959999999999853,300,207,208,207,206,4635
8.969999999999853,300,207,208,207,206,4630
8.979999999999853,300,207,208,207,206,4626
8.989999999999853,300,207,208,207,206,4621
8.999999999999853,300,207,208,207,206,4616
9.009999999999852,300,207,208,207,206,4611
9.019999999999852,300,207,208,207,206,4606
9.029999999999852,300,207,208,207,206,4600
9.039999999999852,300,208,208,207,206,4594
9.049999999999851,300,208,208,207,206,4590
9.059999999999851,300,208,208,207,206,4586
9.069999999999851,300,208,208,207,206,4583
9.07999999999985,300,208,208,207,206,4581
9.08999999999985,300,208,208,207,206,4580
9.09999999999985,300,208,208,207,206,4579
9.10999999999985,300,208,208,207,206,4578
9.11999999999985,300,208,208,207,206,4578
9.12999999999985,300,208,208,208,206,4576
9.13999999999985,300,208,208,208,206,4574
9.14999999999985,300,208,209,208,207,4572
9.15999999999985,300,208,209,208,207,4569
9.169999999999849,300,208,209,208,207,4565
9.179999999999849,300,208,209,208,207,4561
9.189999999999849,300,208,209,208,207,4558
9.199999999999848,300,208,209,208,207,4555
9.209999999999848,300,208,210,208,207,4552
9.219999999999848,300,208,210,208,207,4551
9.229999999999848,300,208,210,208,207,4551
9.239999999999847,300,208,210,208,207,4550
9.249999999999847,300,208,210,208,207,4551
9.259999999999847,300,208,210,208,207,4550
9.269999999999847,300,208,210,208,208,4550
9.279999999999847,300,209,210,208,208,4549
9.289999999999846,300,209,210,209,208,4547
9.299999999999846,300,209,210,209,208,4546
9.309999999999846,300,209,210,209,207,4545
9.319999999999846,300,209,210,209,207,4546
9.329999999999846,300,209,210,209,207,4547
9.339999999999845,300,209,209,209,207,4548
9.349999999999845,300,208,209,209,207,4551
9.359999999999845,300,208,209,209,207,4553
9.369999999999845,300,208,209,209,207,4556
9.379999999999844,300,208,209,209,207,4559
9.389999999999844,300,208,209,209,207,4562
9.399999999999844,300,208,209,209,206,4565
9.409999999999844,300,208,208,209,206,4569
9.419999999999844,300,208,208,209,206,4574
9.429999999999843,300,208,208,208,206,4580
9.439999999999843,300,208,208,208,206,4587
9.449999999999843,300,208,208,208,206,4595
9.459999999999843,300,207,208,208,206,4604
9.469999999999843,300,207,208,208,205,4613
9.479999999999842,300,207,208,207,205,4621
9.489999999999842,300,207,208,207,205,4630
9.499999999999842,300,207,207,207,205,4637
9.509999999999842,300,207,207,207,205,4643
9.519999999999841,300,207,207,206,205,4648
9.529999999999841,300,206,207,206,205,4653
9.539999999999841,300,206,207,206,204,4657
9.54999999999984,300,206,207,206,204,4662
9.55999999999984,300,206,207,206,204,4667
9.56999999999984,300,206,206,205,204,4674
9.57999999999984,300,206,206,205,204,4681
9.58999999999984,300,206,206,205,204,4688
9.59999999999984,300,206,206,205,204,4697
9.60999999999984,300,205,206,205,203,4707
9.61999999999984,300,205,205,205,203,4717
9.62999999999984,300,205,205,204,203,4727
9.639999999999839,300,205,205,204,203,4736
9.649999999999839,300,205,205,204,203,4746
9.659999999999838,300,204,205,204,203,4755
9.669999999999838,300,204,205,204,202,4764
9.679999999999838,300,204,204,204,202,4773
