t,i1,i2,i3,i4,i5
0.0,0,0,0,0,0
0.01,0,0,0,0,0
0.02,0,0,0,0,0
0.03,0,0,0,0,0
0.04,0,0,0,0,0
0.05,0,0,0,0,0
0.060000000000000005,0,0,0,0,0
0.07,0,0,0,0,0
0.08,0,0,0,0,0
0.09,0,0,0,0,0
0.09999999999999999,0,0,0,0,0
0.10999999999999999,0,0,0,0,0
0.11999999999999998,0,0,0,0,0
0.12999999999999998,0,0,0,0,0
0.13999999999999999,0,0,0,0,0
0.15,0,0,0,0,0
0.16,0,0,0,0,0
0.17,0,0,0,0,0
0.18000000000000002,0,0,0,0,0
0.19000000000000003,0,0,0,0,0
0.20000000000000004,0,0,0,0,0
0.21000000000000005,0,0,0,0,0
0.22000000000000006,0,0,0,0,0
0.23000000000000007,0,0,0,0,0
0.24000000000000007,0,0,0,0,0
0.25000000000000006,0,0,0,0,0
0.26000000000000006,0,0,0,0,0
0.2700000000000001,0,0,0,0,0
0.2800000000000001,0,0,0,0,0
0.2900000000000001,0,0,0,0,0
0.3000000000000001,0,0,0,0,0
0.3100000000000001,0,0,0,0,0
0.3200000000000001,0,0,0,0,0
0.3300000000000001,0,0,0,0,0
0.34000000000000014,0,0,0,0,0
0.35000000000000014,2000,0,0,0,0
0.36000000000000015,2000,0,0,0,0
0.37000000000000016,2000,0,0,0,0
0.38000000000000017,2000,97,106,101,80
0.3900000000000002,2000,165,153,163,113
0.4000000000000002,2000,196,176,196,133
0.4100000000000002,2000,229,216,222,179
0.4200000000000002,2000,247,233,249,205
0.4300000000000002,2000,276,262,272,228
0.4400000000000002,2000,300,281,299,245
0.45000000000000023,2000,317,303,324,267
0.46000000000000024,2000,330,315,339,279
0.47000000000000025,2000,350,335,355,298
0.48000000000000026,2000,367,344,378,315
0.49000000000000027,2000,382,364,388,327
0.5000000000000002,2000,397,372,404,337
0.5100000000000002,2000,412,378,413,353
0.5200000000000002,2000,417,391,427,359
0.5300000000000002,2000,431,403,451,373
0.5400000000000003,2000,438,421,451,380
0.5500000000000003,2000,444,419,465,383
0.5600000000000003,2000,461,437,473,393
0.5700000000000003,2000,464,444,487,408
0.5800000000000003,2000,479,451,503,410
0.5900000000000003,2000,479,464,495,421
0.6000000000000003,2000,493,458,510,423
0.6100000000000003,2000,490,471,515,431
0.6200000000000003,2000,500,472,533,442
0.6300000000000003,2000,500,484,527,441
0.6400000000000003,2000,511,486,542,450
0.6500000000000004,2000,516,496,537,449
0.6600000000000004,2000,518,507,546,457
0.6700000000000004,2000,518,506,542,465
0.6800000000000004,2000,526,503,557,464
0.6900000000000004,2000,524,506,549,466
0.7000000000000004,2000,536,520,561,477
0.7100000000000004,2000,534,507,560,475
0.7200000000000004,2000,534,522,573,475
0.7300000000000004,2000,540,519,566,479
0.7400000000000004,2000,537,531,573,485
0.7500000000000004,2000,543,534,566,487
0.7600000000000005,2000,543,536,579,488
0.7700000000000005,2000,552,537,571,485
0.7800000000000005,2000,552,537,579,495
0.7900000000000005,2000,560,536,574,495
0.8000000000000005,2000,560,537,589,492
0.8100000000000005,2000,568,536,581,492
0.8200000000000005,2000,566,540,597,495
0.8300000000000005,2000,571,543,595,501
0.8400000000000005,2000,568,547,593,500
0.8500000000000005,4000,574,552,598,506
0.8600000000000005,4000,606,588,634,534
0.8700000000000006,4000,626,623,675,574
0.8800000000000006,4000,664,649,689,600
0.8900000000000006,4000,680,664,729,632
0.9000000000000006,4000,711,699,751,643
0.9100000000000006,4000,722,709,760,649
0.9200000000000006,4000,729,722,781,687
0.9300000000000006,4000,760,743,806,689
0.9400000000000006,4000,763,757,809,714
0.9500000000000006,4000,772,766,806,716
0.9600000000000006,4000,793,787,836,735
0.9700000000000006,4000,793,787,851,751
0.9800000000000006,4000,793,784,836,751
0.9900000000000007,4000,806,796,843,757
1.0000000000000007,4000,813,813,873,775
1.0100000000000007,4000,816,800,865,772
1.0200000000000007,4000,809,809,873,775
1.0300000000000007,4000,809,826,858,775
1.0400000000000007,4000,819,826,869,784
1.0500000000000007,4000,829,836,873,787
1.0600000000000007,4000,819,826,877,793
1.0700000000000007,4000,836,826,869,793
1.0800000000000007,4000,833,829,877,793
1.0900000000000007,4000,833,836,877,790
1.1000000000000008,4000,826,836,892,809
1.1100000000000008,4000,833,833,881,806
1.1200000000000008,4000,840,840,877,793
1.1300000000000008,4000,833,843,888,803
1.1400000000000008,4000,829,843,904,806
1.1500000000000008,4000,843,840,900,803
1.1600000000000008,4000,847,843,888,800
1.1700000000000008,4000,840,847,877,816
1.1800000000000008,4000,836,851,888,809
1.1900000000000008,4000,843,840,913,806
1.2000000000000008,4000,847,847,904,813
1.2100000000000009,4000,840,851,888,816
1.2200000000000009,4000,836,847,881,809
1.2300000000000009,4000,862,854,896,806
1.2400000000000009,4000,847,847,909,806
1.2500000000000009,4000,843,851,904,816
1.260000000000001,4000,840,843,888,813
1.270000000000001,4000,851,854,881,816
1.280000000000001,4000,847,854,888,823
1.290000000000001,4000,843,858,913,809
1.300000000000001,4000,836,843,909,809
1.310000000000001,4000,854,873,900,819
1.320000000000001,4000,843,854,881,819
1.330000000000001,4000,840,840,884,813
1.340000000000001,4000,836,847,892,813
1.350000000000001,4000,829,833,904,813
1.360000000000001,4000,843,854,896,819
1.370000000000001,6000,836,843,884,829
1.380000000000001,6000,854,851,909,826
1.390000000000001,6000,865,869,921,858
1.400000000000001,6000,896,884,943,858
1.410000000000001,6000,896,904,956,869
1.420000000000001,6000,896,900,947,869
1.430000000000001,6000,904,913,943,873
1.440000000000001,6000,900,909,947,888
1.450000000000001,6000,925,917,961,892
1.460000000000001,6000,925,925,985,896
1.470000000000001,6000,934,921,975,888
1.480000000000001,6000,904,938,990,892
1.490000000000001,6000,930,930,966,909
1.500000000000001,6000,934,925,985,904
1.5100000000000011,6000,938,934,980,909
1.5200000000000011,6000,930,943,975,900
1.5300000000000011,6000,930,938,980,900
1.5400000000000011,6000,921,947,1000,913
1.5500000000000012,6000,930,938,985,917
1.5600000000000012,6000,934,938,1000,917
1.5700000000000012,6000,925,943,980,909
1.5800000000000012,6000,930,947,990,917
1.5900000000000012,6000,930,943,980,921
1.6000000000000012,6000,921,952,980,917
1.6100000000000012,6000,921,943,985,909
1.6200000000000012,6000,938,930,1005,909
1.6300000000000012,6000,930,947,990,909
1.6400000000000012,6000,943,947,1000,913
1.6500000000000012,6000,930,938,985,921
1.6600000000000013,6000,934,938,995,917
1.6700000000000013,6000,925,934,970,913
1.6800000000000013,6000,943,930,985,909
1.6900000000000013,6000,934,943,990,913
1.7000000000000013,6000,938,938,980,921
1.7100000000000013,6000,934,934,995,921
1.7200000000000013,6000,934,938,1000,917
1.7300000000000013,6000,943,930,1000,913
1.7400000000000013,6000,938,921,1000,925
1.7500000000000013,6000,934,934,975,930
1.7600000000000013,6000,938,938,980,917
1.7700000000000014,6000,934,934,985,913
1.7800000000000014,6000,930,943,990,913
1.7900000000000014,6000,934,934,1005,892
1.8000000000000014,6000,943,930,990,913
1.8100000000000014,6000,934,934,995,930
1.8200000000000014,6000,938,943,985,925
1.8300000000000014,6000,938,934,995,917
1.8400000000000014,6000,934,943,1000,913
1.8500000000000014,6000,934,938,985,921
1.8600000000000014,6000,938,930,980,930
1.8700000000000014,6000,934,947,1005,917
1.8800000000000014,8000,938,934,980,917
1.8900000000000015,8000,947,947,1015,921
1.9000000000000015,8000,956,961,1015,930
1.9100000000000015,8000,961,943,1025,938
1.9200000000000015,8000,980,966,1010,966
1.9300000000000015,8000,975,985,1015,952
1.9400000000000015,8000,970,970,1015,956
1.9500000000000015,8000,975,985,1025,952
1.9600000000000015,8000,975,980,1025,947
1.9700000000000015,8000,975,990,1052,966
1.9800000000000015,8000,980,966,1036,970
1.9900000000000015,8000,966,980,1036,970
2.0000000000000013,8000,990,985,1041,966
2.010000000000001,8000,975,1000,1036,966
2.020000000000001,8000,985,980,1025,961
2.0300000000000007,8000,980,995,1036,956
2.0400000000000005,8000,975,985,1010,975
2.0500000000000003,8000,970,1000,1030,980
2.06,8000,961,970,1020,970
2.07,8000,985,985,1036,970
2.0799999999999996,8000,985,980,1036,970
2.0899999999999994,8000,980,1005,1052,966
2.099999999999999,8000,985,985,1052,961
2.109999999999999,8000,985,995,1036,970
2.1199999999999988,8000,980,990,1047,985
2.1299999999999986,8000,985,980,1047,975
2.1399999999999983,8000,970,970,1030,970
2.149999999999998,8000,980,985,1047,961
2.159999999999998,8000,980,990,1025,966
2.1699999999999977,8000,990,1010,1036,966
2.1799999999999975,8000,990,985,1025,970
2.1899999999999973,8000,980,1000,1030,961
2.199999999999997,8000,980,990,1036,970
2.209999999999997,8000,985,985,1030,966
2.2199999999999966,8000,990,980,1052,966
2.2299999999999964,8000,980,990,1030,970
2.239999999999996,8000,975,990,1047,966
2.249999999999996,8000,985,1005,1041,975
2.259999999999996,8000,985,990,1030,980
2.2699999999999956,8000,956,995,1041,970
2.2799999999999954,8000,970,995,1020,980
2.289999999999995,8000,970,985,1030,966
2.299999999999995,8000,995,1000,1041,970
2.3099999999999947,8000,995,990,1020,961
2.3199999999999945,8000,980,990,1036,970
2.3299999999999943,8000,980,980,1025,956
2.339999999999994,8000,995,990,1052,975
2.349999999999994,8000,980,995,1036,966
2.3599999999999937,8000,990,995,1047,970
2.3699999999999934,8000,970,985,1047,966
2.3799999999999932,8000,990,995,1030,961
2.389999999999993,10000,980,975,1041,970
2.399999999999993,10000,985,995,1052,961
2.4099999999999926,10000,995,995,1030,985
2.4199999999999924,10000,995,1020,1047,985
2.429999999999992,10000,1005,1010,1058,990
2.439999999999992,10000,1000,1020,1047,995
2.4499999999999917,10000,995,1020,1058,1000
2.4599999999999915,10000,1020,1010,1058,990
2.4699999999999913,10000,1020,1025,1058,1005
2.479999999999991,10000,1010,1005,1086,995
2.489999999999991,10000,1010,1015,1069,1015
2.4999999999999907,10000,1020,1025,1075,1015
2.5099999999999905,10000,1010,1015,1069,1005
2.5199999999999902,10000,1015,1036,1075,1005
2.52999999999999,10000,1005,1015,1081,1005
2.53999999999999,10000,1010,1020,1058,995
2.5499999999999896,10000,1005,1025,1058,995
2.5599999999999894,10000,1025,1025,1069,1005
2.569999999999989,10000,1020,1015,1075,995
2.579999999999989,10000,1010,1030,1052,1010
2.5899999999999888,10000,1015,1010,1063,1010
2.5999999999999885,10000,1010,1015,1058,1005
2.6099999999999883,10000,1010,1025,1058,1025
2.619999999999988,10000,1005,1015,1063,1005
2.629999999999988,10000,1005,1041,1058,1010
2.6399999999999877,10000,1015,1020,1063,1000
2.6499999999999875,10000,1000,1030,1063,1000
2.6599999999999873,10000,1020,1030,1086,995
2.669999999999987,10000,1025,1025,1086,1015
2.679999999999987,10000,1010,1020,1069,1010
2.6899999999999866,10000,1015,1030,1075,1005
2.6999999999999864,10000,1015,1015,1069,1000
2.709999999999986,10000,1010,1015,1081,1005
2.719999999999986,10000,1010,1025,1081,1000
2.7299999999999858,10000,1010,1020,1052,1000
2.7399999999999856,10000,1015,1041,1069,995
2.7499999999999853,10000,1000,1015,1075,1000
2.759999999999985,10000,1025,1036,1058,1020
2.769999999999985,10000,1010,1030,1047,1010
2.7799999999999847,10000,1025,1025,1063,1005
2.7899999999999845,10000,1015,1020,1058,1005
2.7999999999999843,10000,1015,1036,1063,1005
2.809999999999984,10000,1005,1005,1063,1000
2.819999999999984,10000,1010,1020,1063,995
2.8299999999999836,10000,1010,1030,1069,1005
2.8399999999999834,10000,1010,1010,1063,1000
2.849999999999983,10000,1020,1041,1086,1015
2.859999999999983,10000,1020,1020,1069,1015
2.869999999999983,10000,1010,1030,1063,1000
2.8799999999999826,10000,1020,1030,1081,1010
2.8899999999999824,10000,1015,1025,1086,1005
2.899999999999982,10000,1020,1020,1075,1010
