t,i1,i2,i3,i4,i5,i6
0.0,-180,0,0,0,0,-9000
0.01,-180,0,0,0,0,-9000
0.02,-180,0,0,0,0,-9000
0.03,-180,0,0,0,0,-9000
0.04,-180,0,0,0,0,-8988
0.05,-180,0,0,-1,0,-8963
0.060000000000000005,-180,-1,-1,-2,-1,-8926
0.07,-220,-2,-3,-3,-3,-10874
0.08,-220,-3,-4,-5,-4,-10804
0.09,-220,-5,-6,-8,-6,-10716
0.09999999999999999,-220,-7,-9,-11,-8,-10609
0.10999999999999999,-220,-10,-12,-14,-11,-10480
0.11999999999999998,-220,-13,-15,-17,-14,-10329
0.12999999999999998,-220,-16,-19,-21,-17,-10156
0.13999999999999999,-220,-20,-23,-25,-20,-9962
0.15,-220,-25,-27,-30,-24,-9748
0.16,-220,-29,-32,-34,-27,-9517
0.17,-220,-34,-37,-39,-32,-9269
0.18000000000000002,-220,-39,-42,-44,-36,-9005
0.19000000000000003,-220,-45,-47,-49,-41,-8729
0.20000000000000004,-220,-51,-53,-55,-46,-8440
0.21000000000000005,-220,-57,-58,-60,-51,-8142
0.22000000000000006,-220,-63,-64,-66,-57,-7836
0.23000000000000007,-220,-69,-70,-72,-63,-7524
0.24000000000000007,-220,-75,-76,-78,-68,-7208
0.25000000000000006,-220,-82,-82,-84,-74,-6889
0.26000000000000006,-220,-88,-88,-90,-80,-6569
0.2700000000000001,-220,-95,-95,-96,-86,-6249
0.2800000000000001,-220,-101,-101,-102,-92,-5932
0.2900000000000001,-220,-107,-107,-109,-99,-5618
0.3000000000000001,-220,-113,-113,-115,-105,-5309
0.3100000000000001,-220,-119,-118,-121,-110,-5005
0.3200000000000001,-220,-125,-124,-126,-116,-4707
0.3300000000000001,-220,-131,-130,-132,-122,-4418
0.34000000000000014,-220,-137,-135,-138,-128,-4137
0.35000000000000014,-220,-142,-140,-143,-133,-3866
0.36000000000000015,-220,-147,-145,-148,-139,-3606
0.37000000000000016,-220,-152,-150,-153,-144,-3358
0.38000000000000017,-220,-157,-154,-157,-148,-3123
0.3900000000000002,-220,-161,-159,-162,-153,-2902
0.4000000000000002,-220,-166,-163,-166,-157,-2695
0.4100000000000002,-220,-169,-166,-169,-161,-2503
0.4200000000000002,-220,-173,-170,-173,-165,-2324
0.4300000000000002,-220,-176,-173,-176,-168,-2160
0.4400000000000002,-220,-179,-176,-179,-171,-2010
0.45000000000000023,-220,-182,-178,-182,-174,-1874
0.46000000000000024,-220,-184,-181,-184,-177,-1753
0.47000000000000025,-220,-187,-183,-186,-179,-1645
0.48000000000000026,-220,-188,-185,-188,-181,-1552
0.49000000000000027,-220,-190,-186,-190,-183,-1471
0.5000000000000002,-220,-191,-188,-191,-185,-1404
0.5100000000000002,-220,-193,-189,-193,-186,-1348
0.5200000000000002,-220,-193,-190,-194,-187,-1305
0.5300000000000002,-220,-194,-191,-194,-188,-1272
0.5400000000000003,-220,-195,-191,-195,-189,-1249
0.5500000000000003,-220,-195,-192,-195,-189,-1236
0.5600000000000003,-220,-195,-192,-195,-189,-1231
0.5700000000000003,-220,-195,-192,-195,-189,-1234
0.5800000000000003,-220,-195,-192,-195,-189,-1245
0.5900000000000003,-220,-194,-192,-195,-189,-1264
0.6000000000000003,-220,-194,-192,-194,-189,-1289
0.6100000000000003,-220,-193,-191,-193,-188,-1321
0.6200000000000003,-220,-192,-191,-193,-187,-1359
0.6300000000000003,-220,-191,-190,-191,-187,-1404
0.6400000000000003,-220,-190,-189,-190,-186,-1454
0.6500000000000004,-220,-189,-188,-189,-184,-1509
0.6600000000000004,-220,-188,-187,-188,-183,-1568
0.6700000000000004,-220,-187,-186,-186,-182,-1632
0.6800000000000004,-220,-185,-185,-185,-181,-1700
0.6900000000000004,-220,-184,-183,-183,-179,-1770
0.7000000000000004,-220,-183,-182,-181,-178,-1843
0.7100000000000004,-220,-181,-180,-180,-176,-1918
0.7200000000000004,-220,-180,-179,-178,-175,-1994
0.7300000000000004,-220,-178,-177,-177,-173,-2072
0.7400000000000004,-220,-176,-176,-175,-172,-2151
0.7500000000000004,-220,-175,-174,-173,-170,-2230
0.7600000000000005,-220,-173,-172,-171,-169,-2310
0.7700000000000005,-220,-172,-171,-170,-167,-2390
0.7800000000000005,-220,-170,-169,-168,-166,-2471
0.7900000000000005,-220,-168,-167,-166,-164,-2553
0.8000000000000005,-220,-167,-166,-165,-163,-2635
0.8100000000000005,-220,-165,-164,-163,-161,-2717
0.8200000000000005,-220,-163,-163,-162,-160,-2800
0.8300000000000005,-220,-162,-161,-160,-159,-2882
0.8400000000000005,-220,-160,-160,-158,-157,-2962
0.8500000000000005,-220,-159,-158,-157,-156,-3040
0.8600000000000005,-220,-157,-157,-155,-155,-3117
0.8700000000000006,-220,-156,-156,-154,-153,-3190
0.8800000000000006,-220,-154,-154,-153,-152,-3261
0.8900000000000006,-220,-153,-153,-151,-151,-3329
0.9000000000000006,-220,-152,-152,-150,-150,-3395
0.9100000000000006,-220,-150,-151,-149,-149,-3456
0.9200000000000006,-220,-149,-150,-148,-148,-3514
0.9300000000000006,-220,-148,-149,-147,-147,-3568
0.9400000000000006,-220,-147,-148,-146,-146,-3618
0.9500000000000006,-220,-146,-147,-146,-146,-3663
0.9600000000000006,-220,-145,-146,-145,-145,-3702
0.9700000000000006,-220,-145,-146,-144,-145,-3736
0.9800000000000006,-220,-144,-145,-144,-144,-3765
0.9900000000000007,-220,-144,-144,-144,-144,-3789
1.0000000000000007,-220,-143,-144,-144,-143,-3807
1.0100000000000007,-220,-143,-144,-143,-143,-3821
1.0200000000000007,-220,-143,-143,-144,-143,-3829
1.0300000000000007,-220,-143,-143,-144,-143,-3834
1.0400000000000007,-220,-143,-143,-144,-143,-3834
1.0500000000000007,-220,-143,-143,-144,-143,-3830
1.0600000000000007,-220,-143,-143,-145,-143,-3823
1.0700000000000007,-220,-143,-143,-145,-143,-3812
1.0800000000000007,-220,-144,-143,-145,-143,-3799
1.0900000000000007,-220,-144,-143,-146,-144,-3783
1.1000000000000008,-220,-144,-144,-146,-144,-3765
1.1100000000000008,-220,-145,-144,-147,-145,-3746
1.1200000000000008,-220,-145,-145,-147,-145,-3725
1.1300000000000008,-220,-145,-146,-148,-146,-3701
1.1400000000000008,-220,-146,-146,-148,-146,-3674
1.1500000000000008,-220,-147,-147,-148,-147,-3647
1.1600000000000008,-220,-147,-148,-149,-147,-3618
1.1700000000000008,-220,-148,-149,-149,-148,-3588
1.1800000000000008,-220,-148,-150,-150,-148,-3557
1.1900000000000008,-220,-149,-151,-150,-149,-3525
1.2000000000000008,-220,-150,-151,-151,-149,-3492
1.2100000000000009,-220,-150,-152,-151,-150,-3458
1.2200000000000009,-220,-151,-153,-152,-151,-3424
1.2300000000000009,-220,-152,-154,-152,-151,-3390
1.2400000000000009,-220,-152,-155,-152,-152,-3356
1.2500000000000009,-220,-153,-155,-153,-153,-3323
1.260000000000001,-220,-154,-156,-153,-154,-3289
1.270000000000001,-220,-154,-157,-154,-154,-3256
1.280000000000001,-220,-155,-157,-154,-155,-3224
1.290000000000001,-220,-156,-158,-155,-156,-3192
1.300000000000001,-220,-156,-158,-155,-157,-3161
1.310000000000001,-220,-157,-159,-156,-158,-3131
1.320000000000001,-220,-157,-159,-156,-158,-3103
1.330000000000001,-220,-158,-160,-157,-159,-3076
1.340000000000001,-220,-158,-160,-158,-159,-3050
1.350000000000001,-220,-159,-160,-158,-160,-3026
1.360000000000001,-220,-159,-160,-159,-160,-3002
1.370000000000001,-220,-160,-161,-159,-161,-2979
1.380000000000001,-220,-160,-161,-160,-161,-2958
1.390000000000001,-220,-161,-161,-160,-161,-2939
1.400000000000001,-220,-161,-161,-161,-161,-2920
1.410000000000001,-220,-161,-162,-161,-162,-2904
1.420000000000001,-220,-162,-162,-161,-162,-2889
1.430000000000001,-220,-162,-162,-161,-162,-2877
1.440000000000001,-220,-162,-162,-162,-162,-2865
1.450000000000001,-220,-162,-162,-162,-162,-2856
1.460000000000001,-220,-163,-162,-162,-162,-2847
1.470000000000001,-220,-163,-162,-161,-163,-2840
1.480000000000001,-220,-163,-162,-161,-163,-2834
1.490000000000001,-220,-163,-162,-161,-163,-2830
1.500000000000001,-220,-163,-162,-161,-163,-2828
1.5100000000000011,-220,-163,-162,-161,-163,-2828
1.5200000000000011,-220,-163,-162,-161,-163,-2829
1.5300000000000011,-220,-163,-162,-161,-163,-2831
1.5400000000000011,-220,-163,-162,-160,-162,-2834
1.5500000000000012,-220,-163,-162,-160,-162,-2839
1.5600000000000012,-220,-163,-162,-160,-162,-2846
1.5700000000000012,-220,-162,-162,-160,-162,-2855
1.5800000000000012,-220,-162,-162,-160,-162,-2865
1.5900000000000012,-220,-162,-162,-160,-162,-2877
1.6000000000000012,-220,-162,-162,-160,-162,-2892
1.6100000000000012,-220,-161,-162,-160,-161,-2909
1.6200000000000012,-220,-161,-161,-159,-161,-2927
1.6300000000000012,-220,-161,-161,-159,-161,-2946
1.6400000000000012,-220,-160,-161,-159,-161,-2966
1.6500000000000012,-220,-160,-160,-159,-160,-2986
1.6600000000000013,-220,-159,-160,-159,-160,-3005
1.6700000000000013,-220,-159,-160,-159,-160,-3023
1.6800000000000013,-220,-159,-159,-158,-159,-3040
1.6900000000000013,-220,-158,-159,-158,-159,-3055
1.7000000000000013,-220,-158,-159,-158,-159,-3070
1.7100000000000013,-220,-158,-158,-158,-158,-3084
1.7200000000000013,-220,-158,-158,-158,-158,-3098
1.7300000000000013,-220,-157,-158,-158,-158,-3112
1.7400000000000013,-220,-157,-157,-157,-158,-3126
1.7500000000000013,-220,-157,-157,-157,-157,-3139
1.7600000000000013,-220,-156,-157,-157,-157,-3152
1.7700000000000014,-220,-156,-156,-157,-157,-3164
1.7800000000000014,-220,-156,-156,-156,-156,-3175
1.7900000000000014,-220,-156,-156,-156,-156,-3185
1.8000000000000014,-220,-156,-156,-156,-155,-3193
1.8100000000000014,-220,-155,-155,-156,-155,-3200
1.8200000000000014,-220,-155,-155,-156,-155,-3206
1.8300000000000014,-220,-155,-155,-156,-154,-3210
1.8400000000000014,-220,-155,-155,-156,-154,-3214
1.8500000000000014,-220,-155,-155,-156,-154,-3217
1.8600000000000014,-220,-155,-155,-156,-154,-3220
1.8700000000000014,-220,-155,-154,-156,-153,-3222
1.8800000000000014,-220,-155,-154,-156,-153,-3224
1.8900000000000015,-220,-155,-154,-156,-153,-3226
1.9000000000000015,-220,-155,-154,-156,-153,-3227
1.9100000000000015,-220,-155,-154,-156,-153,-3228
1.9200000000000015,-220,-155,-154,-156,-153,-3229
1.9300000000000015,-220,-155,-154,-156,-153,-3229
1.9400000000000015,-220,-155,-154,-156,-153,-3229
1.9500000000000015,-220,-155,-154,-156,-153,-3228
1.9600000000000015,-220,-155,-154,-156,-153,-3227
1.9700000000000015,-220,-155,-155,-156,-153,-3224
1.9800000000000015,-220,-155,-155,-156,-153,-3222
1.9900000000000015,-220,-155,-155,-156,-153,-3219
2.0000000000000013,-220,-155,-155,-156,-153,-3217
2.010000000000001,-220,-155,-155,-156,-153,-3215
2.020000000000001,-220,-155,-155,-156,-153,-3215
2.0300000000000007,-220,-155,-156,-156,-153,-3214
2.0400000000000005,-220,-155,-156,-156,-153,-3215
2.0500000000000003,-220,-155,-156,-156,-153,-3216
2.06,-220,-155,-156,-156,-153,-3216
2.07,-220,-155,-156,-156,-153,-3217
2.0799999999999996,-220,-155,-156,-156,-153,-3216
2.0899999999999994,-260,-155,-156,-156,-153,-5216
2.099999999999999,-260,-155,-156,-156,-153,-5215
2.109999999999999,-260,-155,-156,-156,-154,-5211
2.1199999999999988,-260,-155,-156,-156,-154,-5206
2.1299999999999986,-260,-156,-157,-156,-154,-5198
2.1399999999999983,-260,-156,-157,-156,-154,-5186
2.149999999999998,-260,-156,-157,-157,-155,-5173
2.159999999999998,-260,-156,-157,-157,-155,-5157
2.1699999999999977,-260,-157,-158,-157,-155,-5139
2.1799999999999975,-260,-157,-158,-158,-156,-5120
2.1899999999999973,-260,-158,-159,-158,-156,-5098
2.199999999999997,-260,-158,-160,-159,-157,-5075
2.209999999999997,-260,-159,-160,-160,-158,-5049
2.2199999999999966,-260,-159,-161,-160,-158,-5022
2.2299999999999964,-260,-160,-162,-161,-159,-4992
2.239999999999996,-260,-160,-163,-162,-160,-4960
2.249999999999996,-260,-161,-164,-163,-161,-4926
2.259999999999996,-260,-162,-165,-163,-161,-4890
2.2699999999999956,-260,-162,-166,-164,-162,-4852
2.2799999999999954,-260,-163,-167,-165,-163,-4812
2.289999999999995,-260,-164,-168,-166,-164,-4771
2.299999999999995,-260,-165,-169,-166,-165,-4729
2.3099999999999947,-260,-166,-170,-167,-166,-4685
2.3199999999999945,-260,-167,-171,-168,-167,-4642
2.3299999999999943,-260,-168,-172,-169,-167,-4597
2.339999999999994,-260,-168,-173,-169,-168,-4551
2.349999999999994,-260,-169,-173,-170,-169,-4505
2.3599999999999937,-260,-170,-174,-171,-170,-4458
2.3699999999999934,-260,-171,-175,-172,-172,-4411
2.3799999999999932,-260,-172,-176,-173,-173,-4364
2.389999999999993,-260,-173,-177,-173,-174,-4317
2.399999999999993,-260,-174,-177,-174,-175,-4271
2.4099999999999926,-260,-175,-178,-175,-176,-4225
2.4199999999999924,-260,-176,-179,-176,-177,-4181
2.429999999999992,-260,-177,-179,-176,-178,-4137
2.439999999999992,-260,-178,-180,-177,-179,-4095
2.4499999999999917,-260,-178,-180,-178,-180,-4054
2.4599999999999915,-260,-179,-181,-178,-180,-4016
2.4699999999999913,-260,-180,-181,-179,-181,-3978
2.479999999999991,-260,-181,-182,-179,-182,-3942
2.489999999999991,-260,-181,-182,-180,-183,-3908
2.4999999999999907,-260,-182,-183,-180,-183,-3876
2.5099999999999905,-260,-183,-183,-181,-184,-3846
2.5199999999999902,-260,-183,-183,-181,-184,-3817
2.52999999999999,-260,-184,-184,-182,-185,-3790
2.53999999999999,-260,-184,-184,-182,-185,-3765
2.5499999999999896,-260,-185,-185,-183,-186,-3742
2.5599999999999894,-260,-185,-185,-183,-186,-3722
2.569999999999989,-260,-185,-185,-184,-187,-3704
2.579999999999989,-260,-186,-186,-184,-187,-3687
2.5899999999999888,-260,-186,-186,-184,-187,-3673
2.5999999999999885,-260,-186,-186,-185,-187,-3662
2.6099999999999883,-260,-186,-187,-185,-188,-3652
2.619999999999988,-260,-187,-187,-185,-188,-3644
2.629999999999988,-260,-187,-187,-185,-188,-3638
2.6399999999999877,-260,-187,-187,-185,-188,-3633
2.6499999999999875,-260,-187,-187,-185,-188,-3630
2.6599999999999873,-260,-187,-187,-185,-188,-3629
2.669999999999987,-260,-187,-188,-185,-187,-3629
2.679999999999987,-260,-187,-188,-185,-187,-3630
2.6899999999999866,-260,-187,-187,-185,-187,-3633
2.6999999999999864,-260,-187,-187,-185,-187,-3638
2.709999999999986,-260,-187,-187,-185,-187,-3644
2.719999999999986,-260,-186,-187,-185,-187,-3651
2.7299999999999858,-260,-186,-187,-185,-187,-3659
2.7399999999999856,-260,-186,-187,-185,-187,-3667
2.7499999999999853,-260,-186,-186,-185,-186,-3676
2.759999999999985,-260,-186,-186,-184,-186,-3686
2.769999999999985,-260,-186,-186,-184,-186,-3697
2.7799999999999847,-260,-185,-186,-184,-186,-3708
2.7899999999999845,-260,-185,-185,-184,-185,-3719
2.7999999999999843,-260,-185,-185,-184,-185,-3730
2.809999999999984,-260,-185,-185,-184,-185,-3741
2.819999999999984,-260,-184,-185,-184,-184,-3752
2.8299999999999836,-260,-184,-184,-184,-184,-3763
2.8399999999999834,-260,-184,-184,-184,-184,-3773
2.849999999999983,-260,-184,-184,-184,-184,-3783
2.859999999999983,-260,-184,-184,-184,-183,-3792
2.869999999999983,-260,-183,-184,-183,-183,-3801
2.8799999999999826,-260,-183,-184,-183,-183,-3810
2.8899999999999824,-260,-183,-183,-183,-182,-3820
2.899999999999982,-260,-183,-183,-183,-182,-3830
2.909999999999982,-260,-183,-183,-183,-182,-3840
2.9199999999999817,-260,-182,-183,-183,-182,-3850
2.9299999999999815,-260,-182,-183,-183,-181,-3859
2.9399999999999813,-260,-182,-183,-183,-181,-3867
2.949999999999981,-260,-182,-183,-183,-181,-3875
2.959999999999981,-260,-182,-183,-182,-181,-3882
2.9699999999999807,-260,-182,-183,-182,-181,-3890
2.9799999999999804,-260,-182,-183,-182,-181,-3897
2.9899999999999802,-260,-181,-182,-182,-181,-3904
2.99999999999998,-260,-181,-182,-182,-180,-3911
3.00999999999998,-260,-181,-182,-182,-180,-3918
3.0199999999999796,-260,-181,-182,-182,-180,-3925
3.0299999999999794,-260,-181,-182,-182,-180,-3931
3.039999999999979,-260,-181,-182,-182,-180,-3937
3.049999999999979,-260,-181,-181,-182,-180,-3942
3.0599999999999787,-260,-181,-181,-182,-180,-3949
3.0699999999999785,-260,-180,-181,-182,-180,-3954
3.0799999999999783,-260,-180,-181,-182,-180,-3960
3.089999999999978,-260,-180,-181,-182,-180,-3964
3.099999999999978,-260,-180,-181,-182,-180,-3968
3.1099999999999777,-260,-180,-181,-182,-180,-3971
3.1199999999999775,-260,-180,-181,-182,-179,-3974
3.1299999999999772,-260,-180,-181,-182,-179,-3977
3.139999999999977,-260,-180,-181,-182,-179,-3980
3.149999999999977,-260,-180,-181,-182,-179,-3982
3.1599999999999766,-260,-180,-181,-182,-179,-3984
3.1699999999999764,-260,-180,-181,-182,-179,-3986
3.179999999999976,-260,-180,-181,-182,-179,-3987
3.189999999999976,-260,-180,-181,-182,-179,-3987
3.1999999999999758,-260,-180,-181,-182,-179,-3987
3.2099999999999755,-260,-180,-181,-181,-179,-3986
3.2199999999999753,-260,-180,-181,-181,-179,-3985
3.229999999999975,-260,-180,-181,-181,-179,-3983
3.239999999999975,-260,-180,-181,-181,-179,-3980
3.2499999999999747,-260,-180,-181,-181,-179,-3977
3.2599999999999745,-260,-180,-181,-181,-179,-3975
3.2699999999999743,-260,-180,-181,-181,-179,-3973
3.279999999999974,-260,-180,-182,-181,-179,-3972
3.289999999999974,-260,-180,-182,-181,-179,-3971
3.2999999999999736,-260,-180,-182,-181,-179,-3970
3.3099999999999734,-260,-180,-182,-180,-180,-3970
3.319999999999973,-260,-180,-182,-180,-180,-3970
3.329999999999973,-260,-180,-182,-180,-180,-3970
3.3399999999999728,-260,-180,-182,-180,-180,-3970
3.3499999999999726,-260,-180,-182,-180,-180,-3971
3.3599999999999723,-260,-180,-182,-180,-180,-3971
3.369999999999972,-260,-180,-182,-180,-179,-3971
3.379999999999972,-260,-180,-182,-180,-179,-3971
3.3899999999999717,-260,-180,-182,-180,-179,-3971
3.3999999999999715,-260,-180,-182,-180,-179,-3973
3.4099999999999713,-260,-180,-181,-180,-179,-3976
3.419999999999971,-260,-180,-181,-179,-179,-3980
3.429999999999971,-260,-180,-181,-179,-179,-3984
3.4399999999999706,-260,-180,-181,-179,-179,-3989
3.4499999999999704,-260,-180,-181,-179,-179,-3994
3.45999999999997,-260,-180,-180,-179,-178,-3999
3.46999999999997,-260,-179,-180,-179,-178,-4002
3.47999999999997,-260,-179,-180,-179,-178,-4005
3.4899999999999696,-260,-179,-180,-179,-178,-4008
3.4999999999999694,-260,-179,-180,-180,-178,-4010
3.509999999999969,-260,-179,-180,-180,-178,-4011
3.519999999999969,-260,-179,-180,-180,-179,-4012
3.5299999999999687,-260,-179,-180,-180,-179,-4013
3.5399999999999685,-260,-179,-180,-180,-179,-4014
3.5499999999999683,-260,-179,-180,-180,-179,-4015
3.559999999999968,-260,-179,-180,-180,-179,-4017
3.569999999999968,-260,-179,-180,-180,-179,-4018
3.5799999999999677,-260,-179,-180,-180,-179,-4020
3.5899999999999674,-260,-179,-180,-180,-179,-4021
3.5999999999999672,-260,-179,-181,-180,-179,-4022
3.609999999999967,-260,-179,-181,-180,-179,-4022
3.619999999999967,-260,-179,-181,-180,-179,-4022
3.6299999999999666,-260,-179,-181,-180,-179,-4021
3.6399999999999664,-260,-179,-181,-179,-179,-4021
3.649999999999966,-260,-179,-181,-179,-179,-4020
3.659999999999966,-260,-179,-181,-179,-179,-4021
3.6699999999999657,-260,-179,-181,-179,-179,-4022
3.6799999999999655,-260,-179,-181,-179,-179,-4023
3.6899999999999653,-260,-179,-181,-179,-179,-4026
3.699999999999965,-260,-179,-181,-179,-179,-4030
3.709999999999965,-260,-179,-181,-179,-179,-4034
3.7199999999999647,-260,-179,-181,-180,-179,-4039
3.7299999999999645,-260,-179,-181,-180,-180,-4045
3.7399999999999642,-260,-178,-181,-180,-180,-4051
3.749999999999964,-260,-178,-181,-180,-180,-4058
3.759999999999964,-260,-178,-181,-180,-180,-4064
3.7699999999999636,-260,-178,-181,-180,-180,-4070
3.7799999999999634,-260,-178,-181,-180,-180,-4074
3.789999999999963,-260,-178,-181,-180,-180,-4077
3.799999999999963,-260,-178,-181,-180,-180,-4078
3.8099999999999627,-260,-178,-181,-180,-180,-4077
3.8199999999999625,-260,-178,-181,-180,-180,-4075
3.8299999999999623,-260,-178,-181,-180,-180,-4073
3.839999999999962,-260,-178,-181,-179,-180,-4071
3.849999999999962,-260,-178,-181,-179,-180,-4068
3.8599999999999617,-260,-178,-181,-179,-180,-4066
3.8699999999999615,-260,-178,-181,-179,-180,-4065
3.8799999999999613,-260,-178,-181,-179,-180,-4064
3.889999999999961,-260,-178,-181,-179,-180,-4062
3.899999999999961,-260,-178,-182,-179,-180,-4061
3.9099999999999606,-260,-178,-182,-178,-180,-4060
3.9199999999999604,-260,-178,-182,-178,-180,-4058
3.92999999999996,-260,-178,-182,-178,-180,-4056
3.93999999999996,-260,-178,-182,-178,-180,-4054
3.9499999999999598,-260,-178,-182,-178,-179,-4051
3.9599999999999596,-260,-179,-182,-178,-179,-4048
3.9699999999999593,-260,-179,-182,-178,-179,-4045
3.979999999999959,-260,-179,-181,-178,-179,-4041
3.989999999999959,-260,-179,-181,-178,-179,-4037
3.9999999999999587,-260,-179,-181,-178,-179,-4033
4.009999999999959,-260,-179,-181,-178,-179,-4031
4.019999999999959,-260,-179,-181,-178,-179,-4028
4.0299999999999585,-260,-179,-180,-178,-179,-4025
4.039999999999958,-260,-179,-180,-178,-179,-4023
4.049999999999958,-260,-179,-180,-178,-179,-4021
4.059999999999958,-260,-179,-180,-177,-179,-4020
4.069999999999958,-260,-179,-180,-177,-179,-4019
4.079999999999957,-260,-179,-180,-177,-179,-4019
4.089999999999957,-260,-179,-179,-177,-179,-4021
4.099999999999957,-260,-179,-179,-177,-178,-4023
4.109999999999957,-260,-179,-179,-177,-178,-4026
4.119999999999957,-300,-179,-179,-177,-178,-6029
4.129999999999956,-300,-179,-179,-177,-178,-6032
4.139999999999956,-300,-179,-179,-177,-178,-6036
4.149999999999956,-300,-179,-179,-177,-177,-6039
4.159999999999956,-300,-179,-179,-177,-177,-6039
4.1699999999999555,-300,-179,-179,-177,-177,-6037
4.179999999999955,-300,-179,-179,-177,-177,-6034
4.189999999999955,-300,-179,-179,-178,-177,-6030
4.199999999999955,-300,-179,-180,-178,-178,-6024
4.209999999999955,-300,-179,-180,-178,-178,-6017
4.2199999999999545,-300,-179,-180,-179,-178,-6009
4.229999999999954,-300,-180,-181,-179,-179,-5998
4.239999999999954,-300,-180,-181,-180,-179,-5987
4.249999999999954,-300,-180,-182,-180,-180,-5973
4.259999999999954,-300,-180,-182,-180,-180,-5958
4.269999999999953,-300,-181,-183,-181,-181,-5941
4.279999999999953,-300,-181,-183,-182,-181,-5923
4.289999999999953,-300,-181,-184,-182,-182,-5902
4.299999999999953,-300,-182,-184,-183,-182,-5878
4.3099999999999525,-300,-182,-185,-183,-183,-5852
4.319999999999952,-300,-183,-185,-184,-183,-5823
4.329999999999952,-300,-184,-186,-185,-184,-5793
4.339999999999952,-300,-184,-187,-185,-185,-5762
4.349999999999952,-300,-185,-187,-186,-185,-5730
4.3599999999999515,-300,-186,-188,-187,-186,-5697
4.369999999999951,-300,-186,-188,-188,-187,-5663
4.379999999999951,-300,-187,-189,-188,-188,-5629
4.389999999999951,-300,-188,-189,-189,-188,-5594
4.399999999999951,-300,-188,-190,-190,-189,-5559
4.40999999999995,-300,-189,-191,-191,-190,-5521
4.41999999999995,-300,-190,-191,-191,-190,-5483
4.42999999999995,-300,-191,-192,-192,-191,-5444
4.43999999999995,-300,-191,-192,-193,-192,-5404
4.4499999999999496,-300,-192,-193,-193,-193,-5362
4.459999999999949,-300,-193,-193,-194,-193,-5322
4.469999999999949,-300,-194,-194,-195,-194,-5282
4.479999999999949,-300,-195,-195,-195,-195,-5242
4.489999999999949,-300,-195,-195,-196,-195,-5203
4.4999999999999485,-300,-196,-196,-197,-196,-5165
4.509999999999948,-300,-197,-196,-197,-196,-5129
4.519999999999948,-300,-198,-197,-198,-197,-5094
4.529999999999948,-300,-198,-197,-198,-197,-5060
4.539999999999948,-300,-199,-198,-199,-198,-5028
4.549999999999947,-300,-200,-198,-200,-198,-4998
4.559999999999947,-300,-200,-199,-200,-199,-4969
4.569999999999947,-300,-201,-199,-201,-199,-4942
4.579999999999947,-300,-201,-200,-201,-200,-4917
4.589999999999947,-300,-202,-200,-201,-200,-4894
4.599999999999946,-300,-202,-201,-202,-200,-4873
4.609999999999946,-300,-202,-201,-202,-201,-4854
4.619999999999946,-300,-203,-201,-202,-201,-4838
4.629999999999946,-300,-203,-202,-203,-201,-4823
4.6399999999999455,-300,-203,-202,-203,-201,-4810
4.649999999999945,-300,-203,-202,-203,-202,-4800
4.659999999999945,-300,-204,-202,-203,-202,-4792
4.669999999999945,-300,-204,-202,-204,-202,-4784
4.679999999999945,-300,-204,-203,-204,-202,-4779
4.689999999999944,-300,-204,-203,-204,-202,-4774
4.699999999999944,-300,-204,-203,-204,-202,-4770
4.709999999999944,-300,-204,-203,-204,-202,-4766
4.719999999999944,-300,-204,-203,-204,-202,-4763
4.729999999999944,-300,-204,-203,-204,-202,-4761
4.739999999999943,-300,-204,-203,-204,-201,-4760
4.749999999999943,-300,-204,-203,-204,-201,-4760
4.759999999999943,-300,-204,-203,-204,-201,-4760
4.769999999999943,-300,-204,-203,-204,-201,-4761
4.7799999999999425,-300,-204,-203,-204,-201,-4763
4.789999999999942,-300,-204,-203,-204,-201,-4765
4.799999999999942,-300,-204,-203,-204,-201,-4768
4.809999999999942,-300,-204,-203,-204,-201,-4771
4.819999999999942,-300,-204,-203,-204,-201,-4774
4.8299999999999415,-300,-204,-204,-204,-201,-4777
4.839999999999941,-300,-204,-204,-204,-201,-4782
4.849999999999941,-300,-204,-204,-204,-201,-4788
4.859999999999941,-300,-204,-204,-204,-201,-4794
4.869999999999941,-300,-203,-204,-203,-201,-4801
4.87999999999994,-300,-203,-204,-203,-201,-4808
4.88999999999994,-300,-203,-204,-203,-201,-4816
4.89999999999994,-300,-203,-204,-203,-201,-4823
4.90999999999994,-300,-203,-204,-202,-201,-4832
4.9199999999999395,-300,-203,-204,-202,-201,-4839
4.929999999999939,-300,-203,-204,-202,-201,-4847
4.939999999999939,-300,-202,-203,-202,-201,-4856
4.949999999999939,-300,-202,-203,-201,-201,-4864
4.959999999999939,-300,-202,-203,-201,-201,-4874
4.9699999999999385,-300,-202,-203,-201,-201,-4883
4.979999999999938,-300,-202,-203,-201,-201,-4893
4.989999999999938,-300,-201,-203,-201,-201,-4904
4.999999999999938,-300,-201,-202,-200,-201,-4915
5.009999999999938,-300,-201,-202,-200,-201,-4926
5.019999999999937,-300,-201,-202,-200,-201,-4936
5.029999999999937,-300,-201,-202,-200,-201,-4945
5.039999999999937,-300,-200,-202,-200,-201,-4953
5.049999999999937,-300,-200,-202,-200,-201,-4960
5.0599999999999365,-300,-200,-201,-200,-201,-4966
5.069999999999936,-300,-200,-201,-200,-201,-4971
5.079999999999936,-300,-200,-201,-199,-201,-4975
5.089999999999936,-300,-200,-201,-199,-201,-4981
5.099999999999936,-300,-200,-201,-199,-202,-4986
5.1099999999999355,-300,-200,-201,-199,-202,-4992
5.119999999999935,-300,-200,-201,-199,-202,-4997
5.129999999999935,-300,-199,-201,-198,-202,-5002
5.139999999999935,-300,-199,-201,-198,-202,-5006
5.149999999999935,-300,-199,-201,-198,-201,-5009
5.159999999999934,-300,-199,-201,-198,-201,-5011
5.169999999999934,-300,-199,-201,-198,-201,-5010
5.179999999999934,-300,-199,-201,-198,-201,-5008
5.189999999999934,-300,-199,-201,-198,-201,-5004
5.199999999999934,-300,-200,-201,-198,-201,-4999
5.209999999999933,-300,-200,-201,-198,-201,-4993
5.219999999999933,-300,-200,-201,-198,-201,-4987
5.229999999999933,-300,-200,-200,-198,-201,-4981
5.239999999999933,-300,-200,-200,-198,-201,-4976
5.2499999999999325,-300,-200,-200,-199,-201,-4970
5.259999999999932,-300,-200,-200,-199,-201,-4965
5.269999999999932,-300,-200,-200,-199,-201,-4960
5.279999999999932,-300,-200,-200,-199,-201,-4955
5.289999999999932,-300,-200,-200,-199,-201,-4951
5.299999999999931,-300,-201,-200,-199,-201,-4947
5.309999999999931,-300,-201,-200,-199,-201,-4943
5.319999999999931,-300,-201,-200,-199,-200,-4940
5.329999999999931,-300,-201,-200,-199,-200,-4938
5.339999999999931,-300,-201,-201,-199,-200,-4937
5.34999999999993,-300,-201,-201,-199,-200,-4936
5.35999999999993,-300,-201,-201,-199,-200,-4935
5.36999999999993,-300,-201,-201,-199,-200,-4933
5.37999999999993,-300,-201,-201,-199,-200,-4930
5.3899999999999295,-300,-201,-201,-199,-200,-4927
5.399999999999929,-300,-201,-201,-199,-200,-4923
5.409999999999929,-300,-201,-201,-200,-200,-4918
5.419999999999929,-300,-201,-201,-200,-200,-4912
5.429999999999929,-300,-201,-201,-200,-200,-4906
5.4399999999999284,-300,-201,-201,-200,-200,-4901
5.449999999999928,-300,-202,-201,-200,-200,-4896
5.459999999999928,-300,-202,-201,-200,-200,-4892
5.469999999999928,-300,-202,-202,-200,-200,-4889
5.479999999999928,-300,-202,-202,-200,-200,-4888
5.489999999999927,-300,-202,-202,-200,-200,-4888
5.499999999999927,-300,-202,-202,-200,-200,-4890
5.509999999999927,-300,-202,-202,-200,-200,-4893
5.519999999999927,-300,-202,-201,-200,-200,-4897
5.5299999999999265,-300,-201,-201,-200,-200,-4902
5.539999999999926,-300,-201,-201,-200,-200,-4908
5.549999999999926,-300,-201,-201,-200,-200,-4914
5.559999999999926,-300,-201,-201,-200,-200,-4919
5.569999999999926,-300,-201,-201,-201,-200,-4924
5.5799999999999255,-300,-201,-201,-201,-200,-4928
5.589999999999925,-300,-201,-201,-201,-200,-4932
5.599999999999925,-300,-201,-201,-201,-200,-4934
5.609999999999925,-300,-201,-201,-201,-200,-4936
5.619999999999925,-300,-201,-201,-201,-200,-4937
5.629999999999924,-300,-201,-201,-201,-200,-4937
5.639999999999924,-300,-201,-201,-201,-200,-4936
5.649999999999924,-300,-201,-201,-201,-200,-4934
5.659999999999924,-300,-201,-201,-201,-200,-4933
5.6699999999999235,-300,-201,-202,-201,-200,-4932
5.679999999999923,-300,-201,-202,-201,-200,-4931
5.689999999999923,-300,-201,-202,-201,-200,-4930
5.699999999999923,-300,-201,-202,-201,-200,-4929
5.709999999999923,-300,-201,-202,-201,-200,-4929
5.7199999999999225,-300,-201,-202,-201,-200,-4929
5.729999999999922,-300,-201,-202,-201,-200,-4930
5.739999999999922,-300,-201,-202,-201,-200,-4932
5.749999999999922,-300,-201,-203,-201,-200,-4933
5.759999999999922,-300,-201,-203,-201,-200,-4935
5.769999999999921,-300,-201,-203,-201,-200,-4937
5.779999999999921,-300,-201,-203,-201,-200,-4939
5.789999999999921,-300,-201,-203,-201,-200,-4939
5.799999999999921,-300,-201,-203,-201,-200,-4940
5.809999999999921,-300,-201,-203,-201,-200,-4941
5.81999999999992,-300,-201,-203,-201,-200,-4941
5.82999999999992,-300,-201,-203,-201,-200,-4942
5.83999999999992,-300,-201,-203,-201,-200,-4942
5.84999999999992,-300,-201,-203,-200,-200,-4942
5.8599999999999195,-300,-201,-203,-200,-200,-4941
5.869999999999919,-300,-201,-203,-200,-200,-4940
5.879999999999919,-300,-201,-203,-200,-200,-4939
5.889999999999919,-300,-201,-203,-200,-200,-4936
5.899999999999919,-300,-201,-203,-200,-200,-4933
5.909999999999918,-300,-201,-203,-200,-200,-4929
5.919999999999918,-300,-201,-203,-200,-200,-4924
5.929999999999918,-300,-201,-203,-200,-200,-4918
5.939999999999918,-300,-201,-203,-200,-200,-4912
5.949999999999918,-300,-201,-203,-200,-200,-4906
5.959999999999917,-300,-201,-203,-200,-200,-4900
5.969999999999917,-300,-202,-203,-200,-200,-4894
5.979999999999917,-300,-202,-203,-201,-201,-4888
5.989999999999917,-300,-202,-203,-201,-201,-4883
5.9999999999999165,-300,-202,-203,-201,-201,-4878
6.009999999999916,-300,-202,-203,-201,-201,-4874
6.019999999999916,-300,-202,-203,-201,-201,-4871
6.029999999999916,-300,-202,-203,-201,-201,-4868
6.039999999999916,-300,-202,-203,-201,-201,-4865
6.0499999999999154,-300,-202,-203,-201,-202,-4862
6.059999999999915,-300,-202,-203,-202,-202,-4859
6.069999999999915,-300,-202,-203,-202,-202,-4857
6.079999999999915,-300,-202,-203,-202,-202,-4854
6.089999999999915,-300,-202,-203,-202,-202,-4852
6.099999999999914,-300,-202,-203,-202,-202,-4850
6.109999999999914,-300,-203,-203,-202,-202,-4849
6.119999999999914,-300,-203,-203,-203,-202,-4847
6.129999999999914,-300,-203,-203,-203,-202,-4846
6.1399999999999135,-340,-203,-203,-203,-202,-6846
6.149999999999913,-340,-203,-203,-203,-202,-6847
6.159999999999913,-340,-203,-203,-203,-202,-6847
6.169999999999913,-340,-203,-203,-203,-202,-6848
6.179999999999913,-340,-203,-203,-203,-202,-6848
6.1899999999999125,-340,-203,-203,-203,-202,-6846
6.199999999999912,-340,-203,-203,-203,-202,-6842
6.209999999999912,-340,-203,-204,-204,-202,-6837
6.219999999999912,-340,-203,-204,-204,-202,-6830
6.229999999999912,-340,-203,-204,-204,-203,-6822
6.239999999999911,-340,-203,-204,-204,-203,-6813
6.249999999999911,-340,-203,-204,-204,-203,-6802
6.259999999999911,-340,-204,-205,-205,-204,-6791
6.269999999999911,-340,-204,-205,-205,-204,-6778
6.2799999999999105,-340,-204,-205,-205,-204,-6764
6.28999999999991,-340,-204,-206,-205,-205,-6750
6.29999999999991,-340,-205,-206,-206,-205,-6734
6.30999999999991,-340,-205,-206,-206,-205,-6719
6.31999999999991,-340,-205,-207,-206,-206,-6702
6.3299999999999095,-340,-206,-207,-206,-206,-6685
6.339999999999909,-340,-206,-207,-207,-206,-6668
6.349999999999909,-340,-206,-208,-207,-207,-6651
6.359999999999909,-340,-207,-208,-207,-207,-6633
6.369999999999909,-340,-207,-208,-208,-208,-6615
6.379999999999908,-340,-208,-209,-208,-208,-6596
6.389999999999908,-340,-208,-209,-208,-208,-6578
6.399999999999908,-340,-208,-210,-209,-209,-6559
6.409999999999908,-340,-209,-210,-209,-209,-6540
6.419999999999908,-340,-209,-210,-209,-209,-6522
6.429999999999907,-340,-209,-211,-210,-210,-6505
6.439999999999907,-340,-210,-211,-210,-210,-6489
6.449999999999907,-340,-210,-211,-210,-211,-6475
6.459999999999907,-340,-210,-212,-210,-211,-6460
6.4699999999999065,-340,-211,-212,-211,-211,-6446
6.479999999999906,-340,-211,-212,-211,-212,-6431
6.489999999999906,-340,-211,-213,-211,-212,-6416
6.499999999999906,-340,-211,-213,-212,-212,-6400
6.509999999999906,-340,-212,-214,-212,-212,-6384
6.519999999999905,-340,-212,-214,-212,-213,-6367
6.529999999999905,-340,-212,-214,-213,-213,-6351
6.539999999999905,-340,-213,-215,-213,-213,-6335
6.549999999999905,-340,-213,-215,-213,-213,-6320
6.559999999999905,-340,-213,-215,-214,-214,-6306
6.569999999999904,-340,-214,-216,-214,-214,-6292
6.579999999999904,-340,-214,-216,-214,-214,-6278
6.589999999999904,-340,-214,-216,-215,-214,-6264
6.599999999999904,-340,-214,-216,-215,-215,-6251
6.6099999999999035,-340,-215,-217,-215,-215,-6237
6.619999999999903,-340,-215,-217,-215,-215,-6224
6.629999999999903,-340,-215,-217,-215,-215,-6212
6.639999999999903,-340,-215,-217,-216,-216,-6200
6.649999999999903,-340,-216,-217,-216,-216,-6190
6.659999999999902,-340,-216,-217,-216,-216,-6181
6.669999999999902,-340,-216,-217,-216,-216,-6174
6.679999999999902,-340,-216,-218,-216,-216,-6167
6.689999999999902,-340,-216,-218,-216,-217,-6161
6.699999999999902,-340,-216,-218,-216,-217,-6156
6.709999999999901,-340,-216,-218,-216,-217,-6150
6.719999999999901,-340,-217,-218,-216,-217,-6145
6.729999999999901,-340,-217,-218,-216,-217,-6138
6.739999999999901,-340,-217,-218,-217,-217,-6130
6.7499999999999005,-340,-217,-218,-217,-217,-6122
6.7599999999999,-340,-217,-218,-217,-217,-6114
6.7699999999999,-340,-217,-218,-217,-217,-6107
6.7799999999999,-340,-217,-218,-217,-218,-6100
6.7899999999999,-340,-218,-218,-217,-218,-6092
6.7999999999998995,-340,-218,-219,-217,-218,-6086
6.809999999999899,-340,-218,-219,-217,-218,-6079
6.819999999999899,-340,-218,-219,-217,-218,-6073
6.829999999999899,-340,-218,-219,-217,-218,-6068
6.839999999999899,-340,-218,-219,-217,-218,-6063
6.849999999999898,-340,-218,-219,-217,-218,-6058
6.859999999999898,-340,-218,-219,-217,-218,-6054
6.869999999999898,-340,-218,-219,-217,-218,-6051
6.879999999999898,-340,-219,-219,-217,-218,-6049
6.8899999999998975,-340,-219,-219,-217,-218,-6048
6.899999999999897,-340,-219,-219,-217,-218,-6048
6.909999999999897,-340,-218,-219,-217,-218,-6050
6.919999999999897,-340,-218,-219,-217,-218,-6053
6.929999999999897,-340,-218,-219,-217,-218,-6056
6.9399999999998965,-340,-218,-219,-217,-218,-6060
6.949999999999896,-340,-218,-219,-217,-218,-6063
6.959999999999896,-340,-218,-219,-217,-218,-6066
6.969999999999896,-340,-218,-219,-217,-218,-6069
6.979999999999896,-340,-218,-218,-217,-218,-6072
6.989999999999895,-340,-218,-218,-217,-218,-6076
6.999999999999895,-340,-218,-218,-217,-218,-6079
7.009999999999895,-340,-218,-218,-217,-218,-6082
7.019999999999895,-340,-218,-218,-217,-217,-6085
7.0299999999998946,-340,-218,-218,-217,-217,-6087
7.039999999999894,-340,-218,-218,-217,-217,-6088
7.049999999999894,-340,-218,-218,-217,-217,-6089
7.059999999999894,-340,-218,-218,-217,-217,-6088
7.069999999999894,-340,-218,-218,-217,-217,-6087
7.0799999999998935,-340,-218,-218,-217,-217,-6086
7.089999999999893,-340,-218,-218,-217,-217,-6084
7.099999999999893,-340,-218,-219,-217,-217,-6083
7.109999999999893,-340,-218,-219,-217,-217,-6081
7.119999999999893,-340,-218,-219,-217,-217,-6080
7.129999999999892,-340,-218,-219,-217,-217,-6080
7.139999999999892,-340,-218,-219,-218,-217,-6079
7.149999999999892,-340,-218,-219,-218,-217,-6078
7.159999999999892,-340,-218,-219,-218,-217,-6077
7.169999999999892,-340,-218,-219,-218,-217,-6076
7.179999999999891,-340,-218,-219,-218,-217,-6076
7.189999999999891,-340,-218,-219,-218,-217,-6076
7.199999999999891,-340,-218,-219,-218,-217,-6076
7.209999999999891,-340,-218,-219,-218,-217,-6078
7.2199999999998905,-340,-218,-219,-218,-217,-6080
7.22999999999989,-340,-218,-219,-218,-217,-6083
7.23999999999989,-340,-218,-219,-217,-217,-6087
7.24999999999989,-340,-218,-219,-217,-217,-6092
7.25999999999989,-340,-218,-219,-217,-217,-6097
7.269999999999889,-340,-217,-219,-217,-216,-6102
7.279999999999889,-340,-217,-218,-217,-216,-6107
7.289999999999889,-340,-217,-218,-217,-216,-6111
7.299999999999889,-340,-217,-218,-217,-216,-6116
7.309999999999889,-340,-217,-218,-217,-216,-6120
7.319999999999888,-340,-217,-218,-217,-216,-6125
7.329999999999888,-340,-217,-218,-217,-216,-6130
7.339999999999888,-340,-217,-218,-217,-216,-6135
7.349999999999888,-340,-217,-218,-217,-216,-6141
7.3599999999998875,-340,-217,-218,-216,-216,-6146
7.369999999999887,-340,-216,-218,-216,-216,-6151
7.379999999999887,-340,-216,-218,-216,-216,-6156
7.389999999999887,-340,-216,-218,-216,-216,-6161
7.399999999999887,-340,-216,-218,-216,-216,-6165
7.4099999999998865,-340,-216,-218,-216,-216,-6170
7.419999999999886,-340,-216,-218,-216,-216,-6175
7.429999999999886,-340,-216,-218,-215,-216,-6180
7.439999999999886,-340,-216,-218,-215,-216,-6186
7.449999999999886,-340,-216,-218,-215,-216,-6192
7.459999999999885,-340,-216,-218,-215,-216,-6198
7.469999999999885,-340,-215,-217,-215,-216,-6205
7.479999999999885,-340,-215,-217,-215,-216,-6212
7.489999999999885,-340,-215,-217,-214,-216,-6219
7.4999999999998845,-340,-215,-217,-214,-216,-6227
7.509999999999884,-340,-215,-217,-214,-216,-6235
7.519999999999884,-340,-215,-216,-214,-216,-6244
7.529999999999884,-340,-214,-216,-214,-215,-6251
7.539999999999884,-340,-214,-216,-214,-215,-6259
7.5499999999998835,-340,-214,-216,-214,-215,-6267
7.559999999999883,-340,-214,-216,-213,-215,-6274
7.569999999999883,-340,-214,-216,-213,-215,-6279
7.579999999999883,-340,-214,-216,-213,-215,-6284
7.589999999999883,-340,-214,-216,-213,-215,-6289
7.599999999999882,-340,-214,-216,-213,-215,-6293
7.609999999999882,-340,-214,-216,-213,-215,-6297
7.619999999999882,-340,-213,-216,-213,-215,-6301
7.629999999999882,-340,-213,-216,-213,-215,-6304
7.6399999999998816,-340,-213,-216,-213,-215,-6307
7.649999999999881,-340,-213,-216,-213,-215,-6308
7.659999999999881,-340,-213,-216,-213,-215,-6310
7.669999999999881,-340,-213,-216,-213,-215,-6310
7.679999999999881,-340,-213,-216,-214,-215,-6311
7.6899999999998805,-340,-213,-216,-214,-215,-6310
7.69999999999988,-340,-213,-216,-214,-215,-6310
7.70999999999988,-340,-213,-216,-214,-214,-6308
7.71999999999988,-340,-213,-216,-214,-214,-6305
7.72999999999988,-340,-213,-216,-214,-214,-6302
7.739999999999879,-340,-214,-215,-214,-214,-6298
7.749999999999879,-340,-214,-215,-214,-214,-6294
7.759999999999879,-340,-214,-215,-214,-214,-6291
7.769999999999879,-340,-214,-215,-214,-214,-6288
7.779999999999879,-340,-214,-215,-214,-214,-6286
7.789999999999878,-340,-214,-215,-214,-214,-6284
7.799999999999878,-340,-214,-215,-214,-214,-6282
7.809999999999878,-340,-214,-215,-214,-214,-6282
7.819999999999878,-340,-214,-215,-214,-214,-6281
7.8299999999998775,-340,-214,-215,-215,-214,-6280
7.839999999999877,-340,-214,-215,-215,-214,-6279
7.849999999999877,-340,-214,-215,-215,-214,-6277
7.859999999999877,-340,-214,-215,-215,-214,-6275
7.869999999999877,-340,-214,-216,-215,-214,-6272
7.879999999999876,-340,-214,-216,-215,-214,-6269
7.889999999999876,-340,-214,-216,-215,-214,-6266
7.899999999999876,-340,-214,-216,-215,-214,-6263
7.909999999999876,-340,-214,-216,-215,-214,-6261
7.919999999999876,-340,-214,-216,-214,-214,-6258
7.929999999999875,-340,-214,-216,-214,-214,-6257
7.939999999999875,-340,-214,-216,-214,-214,-6255
7.949999999999875,-340,-214,-216,-214,-214,-6253
7.959999999999875,-340,-214,-216,-214,-214,-6251
7.9699999999998745,-340,-215,-216,-214,-214,-6248
7.979999999999874,-340,-215,-217,-214,-214,-6245
7.989999999999874,-340,-215,-217,-214,-214,-6241
7.999999999999874,-340,-215,-217,-214,-214,-6237
8.009999999999874,-340,-215,-216,-214,-214,-6233
8.019999999999873,-340,-215,-216,-214,-214,-6228
8.029999999999873,-340,-215,-216,-214,-214,-6224
8.039999999999873,-340,-215,-216,-214,-214,-6220
8.049999999999873,-340,-215,-216,-214,-214,-6216
8.059999999999873,-340,-215,-216,-214,-214,-6212
8.069999999999872,-340,-215,-216,-214,-214,-6210
8.079999999999872,-340,-215,-216,-214,-214,-6208
8.089999999999872,-340,-215,-216,-214,-214,-6207
8.099999999999872,-340,-215,-216,-214,-214,-6207
8.109999999999872,-340,-215,-216,-214,-214,-6207
8.119999999999871,-340,-215,-215,-214,-214,-6207
8.129999999999871,-340,-215,-215,-214,-214,-6207
8.139999999999871,-340,-215,-215,-214,-214,-6208
8.14999999999987,-340,-215,-215,-214,-214,-6208
8.15999999999987,-340,-215,-215,-214,-214,-6209
