t,i1,i2,i3,i4,i5,i6
0.0,100,0,0,0,0,0
0.01,100,0,0,0,0,6000
0.02,100,0,0,0,0,6000
0.03,100,0,0,0,0,6000
0.04,100,0,0,0,0,6000
0.05,100,0,0,3,2,5850
0.060000000000000005,100,0,3,8,6,5587
0.07,100,2,63,14,12,5255
0.08,100,7,106,23,18,4862
0.09,100,13,135,32,26,4424
0.09999999999999999,100,20,153,42,33,3977
0.10999999999999999,100,26,162,51,40,3546
0.11999999999999998,100,32,165,60,47,3143
0.12999999999999998,100,36,158,67,53,2787
0.13999999999999999,100,40,145,74,58,2493
0.15,100,44,129,79,62,2255
0.16,100,48,110,81,64,2113
0.17,100,52,91,83,65,2045
0.18000000000000002,100,58,75,83,65,2042
0.19000000000000003,100,63,60,82,65,2085
0.20000000000000004,100,68,50,80,63,2161
0.21000000000000005,100,72,42,77,62,2257
0.22000000000000006,100,75,39,74,60,2363
0.23000000000000007,100,76,40,71,58,2471
0.24000000000000007,100,77,45,68,57,2541
0.25000000000000006,100,76,51,65,57,2550
0.26000000000000006,100,75,59,62,58,2496
0.2700000000000001,100,73,67,60,59,2400
0.2800000000000001,100,70,74,59,62,2277
0.2900000000000001,100,68,79,58,64,2142
0.3000000000000001,100,66,81,58,66,2017
0.3100000000000001,100,64,82,60,68,1902
0.3200000000000001,100,63,81,62,69,1826
0.3300000000000001,100,63,78,65,70,1789
0.34000000000000014,100,63,74,67,70,1783
0.35000000000000014,100,64,70,70,70,1797
0.36000000000000015,100,65,65,72,69,1819
0.37000000000000016,100,67,61,74,69,1843
0.38000000000000017,100,68,59,74,68,1875
0.3900000000000002,100,70,59,74,68,1904
0.4000000000000002,100,71,60,74,67,1931
0.4100000000000002,100,72,62,73,67,1944
0.4200000000000002,100,73,65,71,67,1936
0.4300000000000002,100,72,69,70,68,1908
0.4400000000000002,100,72,74,68,68,1868
0.45000000000000023,100,71,78,67,69,1818
0.46000000000000024,100,70,81,66,70,1763
0.47000000000000025,100,69,83,65,71,1710
0.48000000000000026,100,68,84,65,72,1661
0.49000000000000027,100,68,84,66,72,1625
0.5000000000000002,100,67,82,67,73,1607
0.5100000000000002,100,67,80,69,73,1603
0.5200000000000002,100,67,77,70,73,1614
0.5300000000000002,100,68,73,72,72,1636
0.5400000000000003,100,68,70,73,72,1658
0.5500000000000003,100,69,67,74,71,1680
0.5600000000000003,100,70,65,74,71,1701
0.5700000000000003,100,71,64,74,71,1725
0.5800000000000003,100,72,64,73,70,1751
0.5900000000000003,100,72,64,72,70,1777
0.6000000000000003,100,72,66,71,69,1804
0.6100000000000003,100,72,68,70,69,1830
0.6200000000000003,100,72,71,69,69,1845
0.6300000000000003,100,71,74,69,69,1846
0.6400000000000003,100,71,75,68,69,1841
0.6500000000000004,100,71,77,68,69,1833
0.6600000000000004,100,70,77,67,69,1816
0.6700000000000004,100,70,77,67,70,1798
0.6800000000000004,100,69,76,67,70,1779
0.6900000000000004,100,68,74,68,70,1765
0.7000000000000004,100,68,72,68,70,1756
0.7100000000000004,100,67,70,69,70,1760
0.7200000000000004,100,67,69,69,70,1772
0.7300000000000004,100,67,68,70,70,1796
0.7400000000000004,100,68,67,70,69,1828
0.7500000000000004,100,68,67,70,68,1866
0.7600000000000005,100,68,67,70,68,1900
0.7700000000000005,100,68,68,69,67,1927
0.7800000000000005,100,68,69,69,67,1949
0.7900000000000005,100,68,70,68,67,1958
0.8000000000000005,100,68,71,68,67,1957
0.8100000000000005,100,68,72,68,67,1949
0.8200000000000005,100,68,72,68,67,1929
0.8300000000000005,100,67,72,68,68,1901
0.8400000000000005,100,67,72,68,68,1869
0.8500000000000005,100,67,72,68,69,1835
0.8600000000000005,100,67,71,68,69,1805
0.8700000000000006,100,67,71,69,70,1796
0.8800000000000006,100,67,70,69,69,1804
0.8900000000000006,100,67,70,69,69,1820
0.9000000000000006,100,68,70,69,69,1835
0.9100000000000006,100,68,70,69,69,1850
0.9200000000000006,100,69,70,69,69,1855
0.9300000000000006,100,70,71,69,69,1849
0.9400000000000006,100,70,71,69,69,1831
0.9500000000000006,100,71,72,69,69,1807
0.9600000000000006,100,71,72,69,70,1779
0.9700000000000006,100,72,72,70,70,1754
0.9800000000000006,100,72,72,70,71,1734
0.9900000000000007,100,72,72,71,71,1725
1.0000000000000007,100,72,72,71,71,1733
1.0100000000000007,100,72,71,72,70,1750
1.0200000000000007,100,72,71,72,70,1771
1.0300000000000007,100,72,71,71,70,1791
1.0400000000000007,100,72,71,71,69,1802
1.0500000000000007,100,71,71,70,69,1807
1.0600000000000007,100,71,71,69,69,1805
1.0700000000000007,100,70,71,68,69,1803
1.0800000000000007,100,69,71,67,69,1802
1.0900000000000007,100,68,71,66,69,1812
1.1000000000000008,100,67,71,66,69,1831
1.1100000000000008,100,66,70,66,69,1857
1.1200000000000008,100,66,70,66,68,1886
1.1300000000000008,100,65,70,67,68,1905
1.1400000000000008,100,66,70,67,68,1908
1.1500000000000008,100,66,70,68,68,1900
1.1600000000000008,100,67,70,68,68,1885
1.1700000000000008,100,67,70,69,68,1863
1.1800000000000008,100,68,69,69,69,1836
1.1900000000000008,100,68,69,69,69,1810
1.2000000000000008,100,68,70,70,70,1784
1.2100000000000009,100,68,70,70,70,1755
1.2200000000000009,100,68,70,70,71,1726
1.2300000000000009,100,68,71,71,71,1707
1.2400000000000009,100,68,71,71,71,1692
1.2500000000000009,100,69,72,71,72,1678
1.260000000000001,100,69,72,71,72,1666
1.270000000000001,100,70,72,71,72,1658
1.280000000000001,100,70,72,71,72,1650
1.290000000000001,100,70,72,71,72,1644
1.300000000000001,100,71,72,71,72,1643
1.310000000000001,100,71,72,71,72,1642
1.320000000000001,100,71,72,71,72,1643
1.330000000000001,100,71,72,71,72,1645
1.340000000000001,100,71,72,71,72,1651
1.350000000000001,100,71,71,71,72,1661
1.360000000000001,100,71,71,71,72,1675
1.370000000000001,100,71,71,71,71,1690
1.380000000000001,100,71,71,71,71,1703
1.390000000000001,100,71,71,70,71,1716
1.400000000000001,100,71,71,70,71,1729
1.410000000000001,100,71,70,70,70,1742
1.420000000000001,100,71,70,70,70,1755
1.430000000000001,100,71,70,70,70,1770
1.440000000000001,100,70,70,69,70,1789
1.450000000000001,100,70,70,69,69,1811
1.460000000000001,100,70,70,69,69,1834
1.470000000000001,100,70,70,69,68,1860
1.480000000000001,100,70,70,69,68,1872
1.490000000000001,100,69,70,69,68,1875
1.500000000000001,100,69,70,68,68,1876
1.5100000000000011,100,69,70,68,68,1876
1.5200000000000011,100,68,69,68,68,1879
1.5300000000000011,100,68,69,68,68,1882
1.5400000000000011,100,67,69,68,68,1883
1.5500000000000012,100,67,69,68,68,1880
1.5600000000000012,100,67,69,69,68,1875
1.5700000000000012,100,67,69,69,68,1867
1.5800000000000012,100,68,69,70,69,1859
1.5900000000000012,100,68,70,70,69,1851
1.6000000000000012,100,69,70,70,69,1848
1.6100000000000012,100,69,70,71,69,1847
1.6200000000000012,100,69,70,71,69,1846
1.6300000000000012,100,69,70,71,69,1846
1.6400000000000012,100,69,70,71,69,1845
1.6500000000000012,100,70,70,71,69,1844
1.6600000000000013,100,70,69,71,69,1844
1.6700000000000013,100,70,69,71,69,1845
1.6800000000000013,100,70,69,71,69,1843
1.6900000000000013,100,71,69,70,69,1841
1.7000000000000013,100,71,69,70,69,1839
1.7100000000000013,100,71,70,69,69,1834
1.7200000000000013,100,72,70,69,69,1823
1.7300000000000013,100,72,71,68,69,1810
1.7400000000000013,100,72,71,68,70,1791
1.7500000000000013,100,72,72,68,70,1771
1.7600000000000013,100,71,72,69,70,1758
1.7700000000000014,100,70,72,69,70,1751
1.7800000000000014,100,69,71,69,70,1753
1.7900000000000014,100,69,71,70,70,1765
1.8000000000000014,100,68,70,70,70,1782
1.8100000000000014,100,68,69,69,69,1806
1.8200000000000014,100,68,69,69,69,1833
1.8300000000000014,100,68,68,69,68,1862
1.8400000000000014,100,68,68,68,68,1892
1.8500000000000014,100,69,68,68,67,1923
1.8600000000000014,100,69,68,68,67,1957
1.8700000000000014,100,70,68,68,66,1986
1.8800000000000014,100,70,69,68,66,2000
1.8900000000000015,100,70,69,68,66,2003
1.9000000000000015,100,69,69,68,66,1989
1.9100000000000015,100,69,69,69,67,1960
1.9200000000000015,100,68,69,69,68,1919
1.9300000000000015,100,68,70,69,68,1871
1.9400000000000015,100,68,70,69,69,1827
1.9500000000000015,100,69,70,69,70,1794
1.9600000000000015,100,69,70,69,70,1772
1.9700000000000015,100,70,70,69,70,1757
1.9800000000000015,100,70,70,70,70,1754
1.9900000000000015,100,71,70,70,70,1748
2.0000000000000013,160,71,70,71,70,5341
2.010000000000001,160,71,70,71,71,5331
2.020000000000001,160,72,70,72,71,5287
2.0300000000000007,160,73,71,74,73,5170
2.0400000000000005,160,76,73,77,76,4992
2.0500000000000003,160,79,76,81,80,4773
2.06,160,83,80,85,84,4537
2.07,160,88,84,89,88,4308
2.0799999999999996,160,92,88,93,91,4103
2.0899999999999994,160,95,92,97,94,3915
2.099999999999999,160,98,96,101,97,3731
2.109999999999999,160,100,99,104,100,3540
2.1199999999999988,160,102,102,107,104,3337
2.1299999999999986,160,104,104,109,107,3125
2.1399999999999983,160,106,107,112,111,2912
2.149999999999998,160,109,110,115,114,2705
2.159999999999998,160,111,112,118,118,2517
2.1699999999999977,160,114,115,120,120,2352
2.1799999999999975,160,117,118,123,123,2210
2.1899999999999973,160,120,121,125,125,2091
2.199999999999997,160,123,123,127,126,1997
2.209999999999997,160,125,125,128,127,1928
2.2199999999999966,160,127,127,129,128,1884
2.2299999999999964,160,129,128,129,128,1860
2.239999999999996,160,131,129,130,129,1849
2.249999999999996,160,132,129,130,129,1841
2.259999999999996,160,133,130,130,129,1842
2.2699999999999956,160,133,130,129,129,1849
2.2799999999999954,160,133,130,129,128,1862
2.289999999999995,160,132,129,128,128,1882
2.299999999999995,160,131,129,128,128,1911
2.3099999999999947,160,130,129,128,127,1945
2.3199999999999945,160,129,128,127,126,1989
2.3299999999999943,160,128,128,127,125,2046
2.339999999999994,160,127,127,126,124,2107
2.349999999999994,160,126,127,125,123,2161
2.3599999999999937,160,125,126,125,123,2206
2.3699999999999934,160,124,126,124,122,2247
2.3799999999999932,160,123,126,123,121,2285
2.389999999999993,160,122,125,122,121,2314
2.399999999999993,160,122,124,122,121,2333
2.4099999999999926,160,123,124,121,120,2347
2.4199999999999924,160,123,123,121,120,2356
2.429999999999992,160,123,123,121,120,2356
2.439999999999992,160,123,123,121,120,2348
2.4499999999999917,160,123,123,121,121,2331
2.4599999999999915,160,123,122,121,121,2314
2.4699999999999913,160,122,122,122,121,2301
2.479999999999991,160,121,122,122,121,2282
2.489999999999991,160,121,122,122,122,2259
2.4999999999999907,160,120,122,122,122,2238
2.5099999999999905,160,120,122,122,122,2225
2.5199999999999902,160,120,122,122,123,2218
2.52999999999999,160,120,123,122,123,2216
2.53999999999999,160,120,123,122,123,2215
2.5499999999999896,160,120,123,122,123,2211
2.5599999999999894,160,120,123,122,123,2207
2.569999999999989,160,120,124,123,123,2193
2.579999999999989,160,121,124,123,123,2175
2.5899999999999888,160,121,124,124,124,2150
2.5999999999999885,160,122,124,124,124,2120
2.6099999999999883,160,123,124,125,125,2092
2.619999999999988,160,124,125,125,125,2073
2.629999999999988,160,124,125,125,125,2066
2.6399999999999877,160,125,124,125,125,2068
2.6499999999999875,160,125,124,125,125,2071
2.6599999999999873,160,126,124,125,125,2077
2.669999999999987,160,126,123,125,125,2085
2.679999999999987,160,126,123,125,125,2091
2.6899999999999866,160,126,124,125,125,2093
2.6999999999999864,160,126,124,125,125,2095
2.709999999999986,160,125,125,125,125,2091
2.719999999999986,160,125,125,125,125,2088
2.7299999999999858,160,124,126,125,125,2090
2.7399999999999856,160,124,126,125,125,2099
2.7499999999999853,160,123,126,124,124,2117
2.759999999999985,160,123,126,124,124,2133
2.769999999999985,160,123,126,124,124,2149
2.7799999999999847,160,123,126,124,123,2163
2.7899999999999845,160,123,126,124,123,2181
2.7999999999999843,160,123,126,124,123,2198
2.809999999999984,160,124,125,124,123,2203
2.819999999999984,160,125,125,124,123,2193
2.8299999999999836,160,126,125,124,123,2175
2.8399999999999834,160,126,125,124,124,2158
2.849999999999983,160,126,125,124,124,2149
2.859999999999983,160,125,124,124,124,2149
2.869999999999983,160,125,124,124,124,2155
2.8799999999999826,160,124,124,124,123,2164
2.8899999999999824,160,123,124,123,123,2176
2.899999999999982,160,123,124,123,123,2186
2.909999999999982,160,122,124,122,123,2192
2.9199999999999817,160,122,124,122,123,2192
2.9299999999999815,160,122,124,122,123,2191
2.9399999999999813,160,122,124,122,123,2186
2.949999999999981,160,122,125,122,123,2176
2.959999999999981,160,122,125,123,123,2160
2.9699999999999807,160,122,125,123,124,2138
2.9799999999999804,160,123,125,124,124,2110
2.9899999999999802,160,123,125,124,125,2083
2.99999999999998,160,124,125,125,125,2058
3.00999999999998,160,125,124,125,126,2038
3.0199999999999796,160,125,124,126,126,2015
3.0299999999999794,160,126,124,126,126,1995
3.039999999999979,160,126,124,126,126,1981
3.049999999999979,160,126,124,127,127,1970
3.0599999999999787,160,126,125,127,127,1963
3.0699999999999785,160,126,125,126,127,1962
3.0799999999999783,160,126,125,126,127,1964
3.089999999999978,160,126,126,126,127,1969
3.099999999999978,160,125,126,126,127,1979
3.1099999999999777,160,125,126,125,126,1988
3.1199999999999775,160,125,126,125,126,1999
3.1299999999999772,160,125,127,125,126,2007
3.139999999999977,160,124,127,125,126,2010
3.149999999999977,160,124,127,126,126,2012
3.1599999999999766,160,124,127,126,126,2014
3.1699999999999764,160,124,127,126,126,2011
3.179999999999976,160,125,127,126,126,2005
3.189999999999976,160,125,126,127,126,2000
3.1999999999999758,160,126,126,127,126,2001
3.2099999999999755,160,126,125,127,126,2003
3.2199999999999753,160,127,125,127,126,2014
3.229999999999975,160,128,125,127,126,2034
3.239999999999975,160,128,125,126,125,2058
3.2499999999999747,160,128,125,126,125,2083
3.2599999999999745,160,128,125,125,124,2106
3.2699999999999743,160,127,125,125,124,2130
3.279999999999974,160,127,125,125,124,2146
3.289999999999974,160,126,125,124,124,2155
3.2999999999999736,160,126,125,124,124,2156
3.3099999999999734,160,125,125,124,124,2157
3.319999999999973,160,125,125,124,124,2158
3.329999999999973,160,124,125,124,123,2161
3.3399999999999728,160,124,125,124,123,2163
3.3499999999999726,160,124,125,124,123,2162
3.3599999999999723,160,124,126,124,124,2158
3.369999999999972,160,124,126,125,124,2150
3.379999999999972,160,125,126,125,124,2135
3.3899999999999717,160,125,126,125,124,2111
3.3999999999999715,160,125,127,126,125,2086
3.4099999999999713,160,126,127,126,125,2062
3.419999999999971,160,126,127,126,126,2038
3.429999999999971,160,126,127,126,126,2018
3.4399999999999706,160,126,127,126,126,2006
3.4499999999999704,160,126,127,125,126,1998
3.45999999999997,160,126,127,125,126,1992
3.46999999999997,160,125,126,125,126,1990
3.47999999999997,160,125,126,125,126,1988
3.4899999999999696,160,125,127,125,126,1981
3.4999999999999694,160,125,127,125,127,1968
3.509999999999969,160,124,127,125,127,1957
3.519999999999969,160,124,127,126,127,1942
3.5299999999999687,160,124,127,126,127,1930
3.5399999999999685,160,123,127,126,127,1927
3.5499999999999683,160,123,127,126,127,1938
3.559999999999968,160,124,126,126,127,1955
3.569999999999968,160,124,125,126,127,1979
3.5799999999999677,160,125,125,126,126,2007
3.5899999999999674,160,126,125,126,126,2033
3.5999999999999672,160,126,125,126,125,2051
3.609999999999967,160,127,125,126,125,2056
3.619999999999967,160,128,125,126,125,2056
3.6299999999999666,160,128,125,126,125,2055
3.6399999999999664,160,129,125,127,125,2051
3.649999999999966,160,129,126,127,126,2037
3.659999999999966,160,128,126,127,126,2022
3.6699999999999657,160,128,127,127,126,2015
3.6799999999999655,160,127,127,127,126,2011
3.6899999999999653,160,127,127,126,126,2010
3.699999999999965,160,126,127,126,126,2010
3.709999999999965,160,126,128,126,126,2014
3.7199999999999647,160,125,128,126,126,2018
3.7299999999999645,160,125,129,126,126,2019
3.7399999999999642,160,126,129,126,126,2013
3.749999999999964,160,126,130,127,126,2002
3.759999999999964,160,126,130,127,126,1988
3.7699999999999636,160,127,130,127,127,1977
3.7799999999999634,160,127,130,127,127,1975
3.789999999999963,160,128,129,127,126,1985
3.799999999999963,160,128,128,127,126,1999
3.8099999999999627,160,128,128,126,126,2017
3.8199999999999625,160,128,127,126,126,2035
3.8299999999999623,160,128,127,126,125,2054
3.839999999999962,160,127,127,126,125,2061
3.849999999999962,160,127,127,125,125,2059
3.8599999999999617,160,126,127,125,125,2058
3.8699999999999615,160,125,127,125,125,2056
3.8799999999999613,160,124,127,125,125,2051
3.889999999999961,160,123,127,124,125,2047
3.899999999999961,160,123,127,124,125,2054
3.9099999999999606,160,123,127,124,125,2067
3.9199999999999604,160,122,126,123,125,2083
3.92999999999996,160,122,126,123,124,2103
3.93999999999996,160,122,126,123,124,2119
3.9499999999999598,160,122,126,124,124,2132
3.9599999999999596,160,122,125,124,124,2138
3.9699999999999593,160,123,125,124,124,2134
3.979999999999959,160,123,125,124,124,2120
3.989999999999959,160,124,125,124,125,2098
3.9999999999999587,220,124,125,124,125,5672
4.009999999999959,220,124,125,124,125,5647
4.019999999999959,220,124,126,124,126,5587
4.0299999999999585,220,125,126,126,128,5480
4.039999999999958,220,127,128,128,131,5337
4.049999999999958,220,129,130,131,133,5173
4.059999999999958,220,131,134,135,136,4998
4.069999999999958,220,134,137,138,139,4829
4.079999999999957,220,137,141,142,142,4675
4.089999999999957,220,139,144,145,144,4534
4.099999999999957,220,141,147,148,146,4402
4.109999999999957,220,144,149,150,148,4270
4.119999999999957,220,146,151,152,151,4135
4.129999999999956,220,149,152,155,153,3995
4.139999999999956,220,152,154,157,155,3846
4.149999999999956,220,155,157,159,158,3696
4.159999999999956,220,158,159,161,160,3542
4.1699999999999555,220,161,162,163,163,3395
4.179999999999955,220,164,165,165,165,3267
4.189999999999955,220,166,167,167,167,3157
4.199999999999955,220,167,170,168,168,3061
4.209999999999955,220,169,172,169,170,2989
4.2199999999999545,220,170,174,171,171,2925
4.229999999999954,220,171,175,172,172,2871
4.239999999999954,220,171,176,172,172,2822
4.249999999999954,220,171,176,173,173,2782
4.259999999999954,220,171,176,174,174,2753
4.269999999999953,220,171,176,174,174,2728
4.279999999999953,220,171,176,174,175,2698
4.289999999999953,220,172,175,174,175,2664
4.299999999999953,220,172,175,174,176,2631
4.3099999999999525,220,173,175,174,176,2600
4.319999999999952,220,173,175,174,176,2580
4.329999999999952,220,174,175,174,177,2568
4.339999999999952,220,174,175,175,177,2566
4.349999999999952,220,174,175,175,177,2579
4.3599999999999515,220,174,176,175,176,2601
4.369999999999951,220,174,176,175,176,2631
4.379999999999951,220,173,176,175,175,2666
4.389999999999951,220,173,176,175,175,2698
4.399999999999951,220,172,176,175,174,2726
4.40999999999995,220,172,176,174,174,2746
4.41999999999995,220,172,175,174,174,2759
4.42999999999995,220,172,175,173,173,2763
4.43999999999995,220,172,175,173,173,2765
4.4499999999999496,220,172,174,172,173,2769
4.459999999999949,220,173,174,172,173,2782
4.469999999999949,220,173,174,172,173,2804
4.479999999999949,220,174,174,172,172,2838
4.489999999999949,220,174,174,171,172,2878
4.4999999999999485,220,173,174,171,171,2919
4.509999999999948,220,173,174,170,170,2967
4.519999999999948,220,172,173,170,169,3016
4.529999999999948,220,171,172,169,168,3068
4.539999999999948,220,170,172,169,168,3113
4.549999999999947,220,169,171,168,167,3136
4.559999999999947,220,168,170,167,167,3147
4.569999999999947,220,167,169,167,167,3142
4.579999999999947,220,167,169,167,168,3119
4.589999999999947,220,167,169,167,168,3093
4.599999999999946,220,167,169,168,168,3075
4.609999999999946,220,168,169,168,168,3062
4.619999999999946,220,169,169,168,169,3050
4.629999999999946,220,169,169,168,169,3042
4.6399999999999455,220,169,170,168,169,3040
4.649999999999945,220,169,170,168,169,3034
4.659999999999945,220,169,170,168,169,3033
4.669999999999945,220,169,171,168,169,3034
4.679999999999945,220,169,171,168,169,3023
4.689999999999944,220,169,171,169,169,3003
4.699999999999944,220,169,171,169,170,2978
4.709999999999944,220,169,171,169,170,2951
4.719999999999944,220,169,171,169,171,2921
4.729999999999944,220,170,171,169,171,2892
4.739999999999943,220,171,171,170,172,2869
4.749999999999943,220,171,171,170,172,2856
4.759999999999943,220,172,172,170,172,2856
4.769999999999943,220,172,172,171,172,2875
4.7799999999999425,220,172,172,171,171,2902
4.789999999999942,220,171,173,171,171,2934
4.799999999999942,220,171,173,170,170,2972
4.809999999999942,220,170,173,170,169,3006
4.819999999999942,220,169,173,170,169,3034
4.8299999999999415,220,169,172,170,169,3053
4.839999999999941,220,169,172,169,169,3053
4.849999999999941,220,169,172,169,169,3040
4.859999999999941,220,169,172,169,169,3024
4.869999999999941,220,170,172,169,169,3014
4.87999999999994,220,170,172,169,169,3006
4.88999999999994,220,170,172,169,169,3003
4.89999999999994,220,170,172,169,169,3017
4.90999999999994,220,170,172,168,169,3047
4.9199999999999395,220,170,172,168,168,3085
4.929999999999939,220,169,172,168,168,3116
4.939999999999939,220,169,171,169,167,3130
4.949999999999939,220,168,171,169,167,3120
4.959999999999939,220,167,171,169,168,3098
4.9699999999999385,220,167,171,169,168,3064
4.979999999999938,220,167,170,169,169,3024
4.989999999999938,220,167,170,170,170,2984
4.999999999999938,220,168,170,170,170,2952
5.009999999999938,220,169,170,170,171,2926
5.019999999999937,220,169,170,170,171,2903
5.029999999999937,220,170,171,170,171,2885
5.039999999999937,220,170,171,170,171,2884
5.049999999999937,220,170,171,170,171,2890
5.0599999999999365,220,170,171,170,171,2900
5.069999999999936,220,170,172,170,171,2911
5.079999999999936,220,170,172,170,171,2912
5.089999999999936,220,170,172,171,171,2909
5.099999999999936,220,170,172,171,171,2902
5.1099999999999355,220,170,172,171,171,2894
5.119999999999935,220,171,172,171,171,2882
5.129999999999935,220,171,172,171,172,2871
5.139999999999935,220,171,173,171,172,2872
5.149999999999935,220,172,173,171,172,2873
5.159999999999934,220,173,173,171,172,2871
5.169999999999934,220,173,173,171,172,2878
5.179999999999934,220,173,173,171,171,2891
5.189999999999934,220,173,173,170,171,2902
5.199999999999934,220,173,174,170,171,2917
5.209999999999933,220,172,174,170,171,2937
5.219999999999933,220,171,174,170,170,2953
5.229999999999933,220,170,173,170,170,2959
5.239999999999933,220,169,173,170,170,2957
5.2499999999999325,220,168,173,170,170,2952
5.259999999999932,220,168,173,170,170,2948
5.269999999999932,220,168,172,170,170,2942
5.279999999999932,220,169,172,170,171,2938
5.289999999999932,220,169,172,170,171,2937
5.299999999999931,220,169,172,170,170,2945
5.309999999999931,220,170,171,170,170,2953
5.319999999999931,220,170,171,170,170,2956
5.329999999999931,220,170,171,169,170,2959
5.339999999999931,220,170,171,169,170,2966
5.34999999999993,220,169,171,169,170,2967
5.35999999999993,220,169,171,169,170,2961
5.36999999999993,220,168,172,168,170,2954
5.37999999999993,220,168,172,168,170,2942
5.3899999999999295,220,168,172,168,171,2929
5.399999999999929,220,168,172,168,171,2925
5.409999999999929,220,168,173,168,171,2929
5.419999999999929,220,169,173,169,171,2923
5.429999999999929,220,170,174,169,171,2913
5.4399999999999284,220,172,174,170,171,2903
5.449999999999928,220,173,174,170,171,2899
5.459999999999928,220,173,174,170,171,2894
5.469999999999928,220,173,174,170,171,2899
5.479999999999928,220,172,174,170,171,2925
5.489999999999927,220,171,173,170,170,2973
5.499999999999927,220,169,171,170,169,3043
5.509999999999927,220,167,169,169,167,3120
5.519999999999927,220,165,168,168,166,3195
5.5299999999999265,220,163,167,167,165,3257
5.539999999999926,220,162,166,166,164,3303
5.549999999999926,220,161,165,165,164,3341
5.559999999999926,220,161,165,165,163,3366
5.569999999999926,220,162,165,165,163,3372
5.5799999999999255,220,162,166,165,163,3368
5.589999999999925,220,163,166,164,164,3359
5.599999999999925,220,164,167,164,164,3345
5.609999999999925,220,164,167,164,164,3333
5.619999999999925,220,164,167,164,164,3323
5.629999999999924,220,165,168,164,164,3313
5.639999999999924,220,165,168,164,165,3297
5.649999999999924,220,166,168,165,165,3267
5.659999999999924,220,166,168,166,166,3229
5.6699999999999235,220,167,169,167,166,3189
5.679999999999923,220,167,170,168,167,3139
5.689999999999923,220,168,170,170,168,3085
5.699999999999923,220,168,171,171,169,3030
5.709999999999923,220,169,171,172,170,2973
5.7199999999999225,220,170,172,172,171,2916
5.729999999999922,220,171,173,173,172,2864
5.739999999999922,220,171,173,173,172,2833
5.749999999999922,220,171,173,172,172,2837
5.759999999999922,220,170,173,171,172,2861
5.769999999999921,220,170,172,170,171,2908
5.779999999999921,220,168,171,169,170,2977
5.789999999999921,220,167,169,167,168,3069
5.799999999999921,220,166,167,166,166,3181
5.809999999999921,220,165,166,165,165,3279
5.81999999999992,220,164,165,164,163,3367
5.82999999999992,220,164,164,163,162,3428
5.83999999999992,220,164,163,163,162,3458
5.84999999999992,220,164,164,163,162,3461
5.8599999999999195,220,165,164,163,162,3432
5.869999999999919,220,166,165,164,163,3379
5.879999999999919,220,166,166,165,164,3320
5.889999999999919,220,167,168,165,165,3269
5.899999999999919,220,167,169,165,166,3230
5.909999999999918,220,167,170,166,166,3192
5.919999999999918,220,167,170,166,167,3162
5.929999999999918,220,166,171,166,167,3123
5.939999999999918,220,166,171,167,168,3074
5.949999999999918,220,166,171,168,169,3026
5.959999999999917,220,167,172,169,170,2985
5.969999999999917,220,167,172,170,170,2949
5.979999999999917,220,168,172,172,171,2916
5.989999999999917,280,169,172,173,171,2882
5.9999999999999165,280,170,172,173,172,6454
6.009999999999916,280,170,172,174,172,6435
6.019999999999916,280,171,172,174,173,6394
6.029999999999916,280,172,172,175,174,6316
6.039999999999916,280,173,173,177,176,6215
6.0499999999999154,280,174,175,178,178,6102
6.059999999999915,280,175,177,180,180,5992
6.069999999999915,280,177,179,181,181,5893
6.079999999999915,280,178,182,183,183,5799
6.089999999999915,280,179,183,184,184,5702
6.099999999999914,280,181,185,186,186,5607
6.109999999999914,280,182,186,187,188,5513
6.119999999999914,280,184,188,189,189,5414
6.129999999999914,280,185,189,191,191,5313
6.1399999999999135,280,187,190,192,193,5218
6.149999999999913,280,189,191,194,194,5136
6.159999999999913,280,190,193,195,195,5063
6.169999999999913,280,192,195,196,196,5000
6.179999999999913,280,193,196,198,197,4955
6.1899999999999125,280,195,198,199,198,4919
6.199999999999912,280,196,200,200,198,4883
6.209999999999912,280,197,201,201,199,4849
6.219999999999912,280,198,202,201,199,4817
6.229999999999912,280,199,203,202,200,4776
6.239999999999911,280,200,204,203,201,4729
6.249999999999911,280,201,205,204,202,4672
6.259999999999911,280,202,206,205,203,4609
6.269999999999911,280,204,206,205,204,4554
6.2799999999999105,280,204,206,206,204,4516
6.28999999999991,280,205,206,206,205,4488
6.29999999999991,280,205,205,206,205,4475
6.30999999999991,280,205,205,205,205,4471
6.31999999999991,280,205,205,205,205,4476
6.3299999999999095,280,205,205,205,205,4488
6.339999999999909,280,205,205,205,204,4500
6.349999999999909,280,204,205,205,205,4497
6.359999999999909,280,205,206,205,205,4482
6.369999999999909,280,205,206,205,205,4459
6.379999999999908,280,205,206,205,206,4437
6.389999999999908,280,206,207,205,206,4411
6.399999999999908,280,207,207,205,206,4391
6.409999999999908,280,207,207,205,206,4405
6.419999999999908,280,208,206,205,205,4457
6.429999999999907,280,208,206,206,204,4522
6.439999999999907,280,207,206,206,203,4586
6.449999999999907,280,207,206,206,202,4635
6.459999999999907,280,207,206,206,202,4657
6.4699999999999065,280,207,206,206,202,4677
6.479999999999906,280,206,206,205,201,4707
6.489999999999906,280,206,206,204,201,4730
6.499999999999906,280,205,206,204,201,4735
6.509999999999906,280,205,206,203,201,4723
6.519999999999905,280,205,206,202,201,4705
6.529999999999905,280,205,207,201,201,4681
6.539999999999905,280,204,207,201,202,4647
6.549999999999905,280,204,208,201,203,4604
6.559999999999905,280,203,208,201,203,4571
6.569999999999904,280,203,207,202,203,4564
6.579999999999904,280,202,206,202,203,4569
6.589999999999904,280,201,205,202,203,4578
6.599999999999904,280,201,203,202,203,4583
6.6099999999999035,280,201,202,202,203,4583
6.619999999999903,280,201,201,201,203,4579
6.629999999999903,280,201,201,201,203,4579
6.639999999999903,280,202,201,201,203,4585
6.649999999999903,280,202,201,201,203,4605
6.659999999999902,280,202,201,201,202,4627
6.669999999999902,280,202,202,200,202,4645
6.679999999999902,280,201,203,200,202,4654
6.689999999999902,280,201,204,200,202,4645
6.699999999999902,280,201,205,201,202,4622
6.709999999999901,280,201,206,203,203,4592
6.719999999999901,280,201,207,204,203,4581
6.729999999999901,280,202,207,204,203,4595
6.739999999999901,280,203,207,205,202,4623
6.7499999999999005,280,203,206,206,202,4647
6.7599999999999,280,204,206,206,202,4663
6.7699999999999,280,204,206,207,201,4683
6.7799999999999,280,204,205,206,201,4732
6.7899999999999,280,203,204,205,199,4809
6.7999999999998995,280,201,202,204,198,4889
6.809999999999899,280,200,201,203,197,4969
6.819999999999899,280,198,199,202,195,5046
6.829999999999899,280,196,198,201,194,5108
6.839999999999899,280,195,197,200,194,5138
6.849999999999898,280,194,197,200,194,5131
6.859999999999898,280,195,197,200,195,5090
6.869999999999898,280,195,198,200,196,5013
6.879999999999898,280,196,200,200,198,4918
6.8899999999998975,280,198,201,201,199,4814
6.899999999999897,280,200,203,202,201,4700
6.909999999999897,280,202,205,203,203,4584
6.919999999999897,280,203,207,203,205,4481
6.929999999999897,280,204,208,204,206,4403
6.9399999999998965,280,204,209,204,207,4348
6.949999999999896,280,204,210,204,207,4321
6.959999999999896,280,204,210,204,207,4320
6.969999999999896,280,203,210,204,207,4339
6.979999999999896,280,203,208,203,207,4364
6.989999999999895,280,203,207,202,206,4385
6.999999999999895,280,203,206,201,206,4403
7.009999999999895,280,204,204,201,206,4424
7.019999999999895,280,205,203,201,205,4459
7.0299999999998946,280,205,203,201,204,4501
7.039999999999894,280,205,202,200,204,4541
7.049999999999894,280,205,202,200,203,4581
7.059999999999894,280,205,202,200,203,4616
7.069999999999894,280,205,203,200,202,4644
7.0799999999998935,280,204,204,200,202,4667
7.089999999999893,280,204,204,201,201,4684
7.099999999999893,280,203,205,201,201,4683
7.109999999999893,280,203,206,201,202,4660
7.119999999999893,280,203,207,201,203,4619
7.129999999999892,280,204,207,202,203,4571
7.139999999999892,280,205,208,203,204,4534
7.149999999999892,280,205,208,204,204,4512
7.159999999999892,280,205,207,204,204,4501
7.169999999999892,280,204,207,204,205,4499
7.179999999999891,280,204,206,204,204,4500
7.189999999999891,280,203,205,204,204,4501
7.199999999999891,280,203,204,204,205,4496
7.209999999999891,280,203,204,204,205,4484
7.2199999999998905,280,203,204,204,205,4469
7.22999999999989,280,203,204,204,205,4452
7.23999999999989,280,204,205,204,206,4439
7.24999999999989,280,204,205,204,206,4436
7.25999999999989,280,205,206,204,205,4454
7.269999999999889,280,205,206,204,204,4502
7.279999999999889,280,204,207,204,203,4564
7.289999999999889,280,204,207,204,202,4627
7.299999999999889,280,204,207,203,202,4678
7.309999999999889,280,203,207,203,201,4720
7.319999999999888,280,203,207,203,200,4750
7.329999999999888,280,203,207,203,200,4763
7.339999999999888,280,203,207,203,200,4749
7.349999999999888,280,203,208,204,201,4702
7.3599999999998875,280,204,208,204,202,4639
7.369999999999887,280,204,208,204,203,4580
7.379999999999887,280,204,208,203,204,4535
7.389999999999887,280,204,208,204,205,4499
7.399999999999887,280,204,208,204,205,4482
7.4099999999998865,280,204,207,204,205,4484
7.419999999999886,280,204,206,204,205,4497
7.429999999999886,280,203,205,204,204,4501
7.439999999999886,280,203,204,204,205,4495
7.449999999999886,280,203,204,205,205,4484
7.459999999999885,280,204,204,206,205,4460
7.469999999999885,280,204,205,206,206,4435
7.479999999999885,280,204,205,206,206,4404
7.489999999999885,280,204,206,206,207,4365
7.4999999999998845,280,204,207,206,207,4325
7.509999999999884,280,204,208,206,208,4286
7.519999999999884,280,204,208,205,208,4260
7.529999999999884,280,204,208,205,209,4258
7.539999999999884,280,204,208,206,208,4280
7.5499999999998835,280,204,207,206,208,4314
7.559999999999883,280,204,206,206,207,4351
7.569999999999883,280,204,206,207,206,4392
7.579999999999883,280,205,205,207,206,4425
7.589999999999883,280,205,205,207,205,4444
7.599999999999882,280,206,205,207,205,4457
7.609999999999882,280,207,206,207,205,4471
7.619999999999882,280,207,206,206,205,4482
7.629999999999882,280,206,206,206,205,4487
7.6399999999998816,280,206,207,206,205,4492
7.649999999999881,280,206,207,206,204,4506
7.659999999999881,280,206,207,207,204,4524
7.669999999999881,280,206,208,207,204,4541
7.679999999999881,280,205,208,207,204,4545
7.6899999999998805,280,205,208,206,204,4538
7.69999999999988,280,205,208,206,204,4527
7.70999999999988,280,205,208,206,204,4512
7.71999999999988,280,204,207,205,204,4503
7.72999999999988,280,203,207,204,204,4511
7.739999999999879,280,202,206,202,204,4531
7.749999999999879,280,200,205,201,204,4555
7.759999999999879,280,199,205,201,203,4572
7.769999999999879,280,199,204,201,203,4583
7.779999999999879,280,199,204,201,203,4596
7.789999999999878,280,199,204,202,203,4608
7.799999999999878,280,199,204,202,203,4614
7.809999999999878,280,200,204,203,203,4609
7.819999999999878,280,201,205,205,203,4589
7.8299999999998775,280,203,205,205,203,4563
7.839999999999877,280,204,206,206,204,4537
7.849999999999877,280,204,206,206,204,4517
7.859999999999877,280,204,206,207,204,4502
7.869999999999877,280,204,205,207,204,4502
7.879999999999876,280,204,205,206,204,4518
7.889999999999876,280,204,205,206,204,4536
7.899999999999876,280,204,205,206,204,4555
7.909999999999876,280,203,204,206,203,4585
7.919999999999876,280,203,204,205,203,4613
7.929999999999875,280,203,204,205,202,4625
7.939999999999875,280,203,205,204,202,4628
7.949999999999875,280,204,205,203,202,4629
7.959999999999875,280,204,205,202,202,4635
7.9699999999998745,280,203,206,201,202,4647
7.979999999999874,280,203,206,201,202,4667
