t,i1,i2,i3,i4,i5,i6
0.0,260,247,-248,244,-242,-708
0.01,260,236,-237,226,-223,-1453
0.02,260,218,-218,202,-200,-2374
0.03,260,195,-196,177,-175,-3378
0.04,260,171,-171,151,-150,-4396
0.05,260,146,-146,126,-125,-5378
0.060000000000000005,260,122,-122,103,-102,-6292
0.07,260,100,-100,84,-82,-7117
0.08,260,81,-80,69,-65,-7766
0.09,260,66,-62,57,-53,-8264
0.09999999999999999,260,55,-48,50,-44,-8612
0.10999999999999999,260,46,-38,45,-39,-8826
0.11999999999999998,260,40,-32,45,-37,-8919
0.12999999999999998,260,37,-29,46,-36,-8922
0.13999999999999999,260,35,-28,50,-38,-8849
0.15,260,36,-30,56,-42,-8711
0.16,260,37,-33,63,-47,-8516
0.17,260,40,-37,71,-52,-8292
0.18000000000000002,260,44,-42,79,-58,-8042
0.19000000000000003,260,48,-47,87,-65,-7773
0.20000000000000004,260,53,-52,95,-72,-7502
0.21000000000000005,260,57,-58,102,-78,-7240
0.22000000000000006,260,60,-63,108,-84,-7012
0.23000000000000007,260,64,-67,113,-89,-6832
0.24000000000000007,260,67,-70,117,-92,-6697
0.25000000000000006,260,69,-72,120,-95,-6596
0.26000000000000006,260,71,-74,123,-97,-6513
0.2700000000000001,260,73,-74,124,-98,-6445
0.2800000000000001,260,74,-74,125,-100,-6398
0.2900000000000001,260,74,-74,125,-100,-6366
0.3000000000000001,260,75,-73,124,-101,-6356
0.3100000000000001,260,74,-72,123,-100,-6369
0.3200000000000001,260,74,-71,122,-99,-6415
0.3300000000000001,260,74,-69,120,-98,-6476
0.34000000000000014,260,73,-67,118,-96,-6541
0.35000000000000014,260,72,-65,116,-95,-6596
0.36000000000000015,260,71,-63,115,-93,-6646
0.37000000000000016,260,69,-62,113,-92,-6690
0.38000000000000017,260,68,-60,112,-91,-6736
0.3900000000000002,260,67,-59,111,-90,-6789
0.4000000000000002,260,66,-58,110,-88,-6864
0.4100000000000002,260,66,-58,109,-86,-6951
0.4200000000000002,260,65,-57,109,-84,-7032
0.4300000000000002,260,64,-57,109,-82,-7109
0.4400000000000002,260,64,-57,109,-80,-7173
0.45000000000000023,260,63,-57,109,-79,-7215
0.46000000000000024,260,63,-58,109,-78,-7241
0.47000000000000025,260,63,-58,108,-78,-7262
0.48000000000000026,260,63,-59,108,-78,-7276
0.49000000000000027,260,63,-59,108,-78,-7274
0.5000000000000002,260,63,-59,108,-78,-7262
0.5100000000000002,260,64,-60,108,-79,-7238
0.5200000000000002,260,65,-61,109,-79,-7207
0.5300000000000002,260,66,-61,110,-80,-7174
0.5400000000000003,260,67,-62,111,-81,-7137
0.5500000000000003,260,68,-63,112,-82,-7095
0.5600000000000003,260,70,-65,113,-83,-7063
0.5700000000000003,260,70,-66,115,-84,-7033
0.5800000000000003,260,71,-68,116,-84,-7010
0.5900000000000003,260,71,-69,117,-85,-6993
0.6000000000000003,260,71,-70,118,-84,-7003
0.6100000000000003,260,72,-71,118,-84,-7028
0.6200000000000003,260,72,-71,119,-83,-7065
0.6300000000000003,260,71,-71,119,-82,-7110
0.6400000000000003,260,71,-71,119,-81,-7151
0.6500000000000004,260,70,-70,118,-80,-7173
0.6600000000000004,260,69,-70,117,-80,-7178
0.6700000000000004,260,68,-69,116,-80,-7166
0.6800000000000004,260,67,-68,115,-81,-7134
0.6900000000000004,260,66,-67,113,-82,-7100
0.7000000000000004,260,65,-66,112,-83,-7069
0.7100000000000004,260,65,-66,110,-83,-7043
0.7200000000000004,260,64,-66,109,-84,-7021
0.7300000000000004,260,63,-65,108,-84,-7001
0.7400000000000004,260,63,-65,107,-85,-6978
0.7500000000000004,260,62,-65,107,-86,-6940
0.7600000000000005,260,62,-65,107,-87,-6900
0.7700000000000005,260,61,-65,107,-88,-6865
0.7800000000000005,260,60,-65,108,-89,-6829
0.7900000000000005,260,60,-65,108,-90,-6795
0.8000000000000005,260,60,-65,109,-90,-6763
0.8100000000000005,260,61,-65,109,-91,-6731
0.8200000000000005,260,61,-65,110,-92,-6701
0.8300000000000005,260,61,-65,112,-93,-6670
0.8400000000000005,260,61,-65,113,-93,-6643
0.8500000000000005,260,62,-66,114,-94,-6626
0.8600000000000005,260,63,-66,114,-94,-6613
0.8700000000000006,260,64,-67,114,-94,-6610
0.8800000000000006,260,65,-67,114,-94,-6615
0.8900000000000006,260,67,-68,114,-94,-6625
0.9000000000000006,260,69,-68,113,-94,-6636
0.9100000000000006,260,70,-68,113,-93,-6656
0.9200000000000006,260,71,-68,112,-93,-6678
0.9300000000000006,260,72,-68,112,-92,-6696
0.9400000000000006,260,72,-68,112,-92,-6709
0.9500000000000006,260,72,-68,112,-91,-6723
0.9600000000000006,260,72,-67,112,-91,-6745
0.9700000000000006,260,71,-67,112,-90,-6771
0.9800000000000006,260,70,-66,112,-89,-6804
0.9900000000000007,260,70,-64,112,-89,-6824
1.0000000000000007,260,69,-63,113,-89,-6834
1.0100000000000007,260,69,-63,113,-89,-6831
1.0200000000000007,260,69,-62,113,-89,-6824
1.0300000000000007,260,68,-62,112,-89,-6819
1.0400000000000007,260,68,-62,112,-89,-6812
1.0500000000000007,260,68,-61,111,-89,-6802
1.0600000000000007,260,67,-61,110,-90,-6794
1.0700000000000007,260,67,-61,110,-90,-6781
1.0800000000000007,260,66,-60,110,-90,-6767
1.0900000000000007,260,66,-60,110,-90,-6768
1.1000000000000008,260,66,-60,110,-90,-6779
1.1100000000000008,260,65,-59,111,-89,-6800
1.1200000000000008,260,65,-58,111,-89,-6822
1.1300000000000008,260,63,-58,111,-88,-6852
1.1400000000000008,260,62,-57,111,-87,-6880
1.1500000000000008,260,62,-57,112,-87,-6910
1.1600000000000008,260,62,-57,112,-86,-6941
1.1700000000000008,260,63,-57,112,-85,-6979
1.1800000000000008,260,64,-57,112,-84,-7005
1.1900000000000008,260,65,-57,112,-84,-7027
1.2000000000000008,260,66,-57,111,-84,-7034
1.2100000000000009,260,66,-57,111,-84,-7016
1.2200000000000009,260,66,-57,111,-84,-7006
1.2300000000000009,260,66,-58,111,-84,-7002
1.2400000000000009,260,66,-60,111,-85,-6996
1.2500000000000009,260,66,-60,111,-85,-6992
1.260000000000001,260,65,-60,110,-84,-7019
1.270000000000001,260,65,-60,110,-83,-7056
1.280000000000001,260,65,-60,110,-82,-7096
1.290000000000001,260,65,-59,110,-81,-7124
1.300000000000001,260,65,-58,110,-81,-7126
1.310000000000001,260,65,-57,110,-82,-7097
1.320000000000001,260,64,-56,110,-83,-7042
1.330000000000001,260,64,-56,110,-85,-6980
1.340000000000001,260,64,-56,110,-87,-6916
1.350000000000001,260,65,-56,110,-88,-6846
1.360000000000001,260,66,-57,110,-90,-6772
1.370000000000001,260,67,-57,110,-92,-6698
1.380000000000001,260,68,-58,110,-94,-6611
1.390000000000001,260,68,-58,110,-96,-6523
1.400000000000001,260,69,-59,111,-98,-6447
1.410000000000001,260,70,-59,112,-100,-6393
1.420000000000001,260,71,-59,113,-101,-6359
1.430000000000001,260,72,-59,114,-101,-6342
1.440000000000001,260,72,-60,115,-101,-6338
1.450000000000001,260,72,-60,116,-101,-6343
1.460000000000001,260,72,-60,116,-101,-6358
1.470000000000001,260,72,-61,116,-100,-6380
1.480000000000001,260,71,-61,116,-99,-6419
1.490000000000001,260,71,-60,116,-98,-6456
1.500000000000001,260,71,-60,116,-97,-6485
1.5100000000000011,260,71,-59,115,-97,-6505
1.5200000000000011,260,71,-58,114,-96,-6522
1.5300000000000011,260,71,-57,113,-96,-6544
1.5400000000000011,260,71,-57,112,-95,-6580
1.5500000000000012,260,71,-56,111,-94,-6638
1.5600000000000012,260,71,-55,109,-92,-6709
1.5700000000000012,260,71,-55,107,-90,-6788
1.5800000000000012,260,70,-55,106,-88,-6869
1.5900000000000012,260,70,-55,105,-86,-6926
1.6000000000000012,260,69,-55,104,-86,-6954
1.6100000000000012,260,69,-55,104,-85,-6963
1.6200000000000012,260,68,-56,103,-85,-6963
1.6300000000000012,260,68,-56,103,-86,-6955
1.6400000000000012,260,68,-56,103,-86,-6937
1.6500000000000012,260,68,-56,102,-87,-6913
1.6600000000000013,260,68,-55,102,-87,-6891
1.6700000000000013,260,68,-55,103,-88,-6862
1.6800000000000013,260,69,-55,103,-89,-6830
1.6900000000000013,260,69,-56,104,-89,-6809
1.7000000000000013,260,70,-56,105,-90,-6795
1.7100000000000013,260,70,-57,106,-90,-6794
1.7200000000000013,260,71,-58,107,-90,-6799
1.7300000000000013,260,72,-59,108,-90,-6799
1.7400000000000013,260,72,-61,109,-90,-6795
1.7500000000000013,260,72,-62,109,-90,-6790
1.7600000000000013,260,73,-63,110,-90,-6782
1.7700000000000014,260,72,-64,110,-90,-6776
1.7800000000000014,260,72,-64,110,-90,-6775
1.7900000000000014,260,72,-64,109,-90,-6764
1.8000000000000014,260,71,-64,109,-91,-6755
1.8100000000000014,260,71,-63,108,-91,-6747
1.8200000000000014,260,70,-63,107,-91,-6736
1.8300000000000014,260,69,-63,107,-91,-6724
1.8400000000000014,260,69,-62,106,-92,-6712
1.8500000000000014,260,68,-62,106,-92,-6702
1.8600000000000014,260,68,-62,107,-92,-6682
1.8700000000000014,260,68,-62,107,-93,-6661
1.8800000000000014,260,68,-61,108,-94,-6630
1.8900000000000015,260,68,-61,108,-95,-6590
1.9000000000000015,260,68,-61,109,-96,-6553
1.9100000000000015,260,67,-61,110,-96,-6522
1.9200000000000015,260,67,-60,110,-97,-6495
1.9300000000000015,260,67,-60,111,-98,-6466
1.9400000000000015,260,67,-60,111,-99,-6432
1.9500000000000015,260,67,-59,112,-100,-6391
1.9600000000000015,260,67,-59,112,-101,-6339
1.9700000000000015,260,68,-59,113,-102,-6288
1.9800000000000015,260,69,-58,114,-104,-6230
1.9900000000000015,320,70,-58,114,-105,-6170
2.0000000000000013,320,71,-58,115,-107,-8519
2.010000000000001,320,72,-58,115,-108,-8477
2.020000000000001,320,74,-58,116,-108,-8443
2.0300000000000007,320,76,-58,116,-109,-8404
2.0400000000000005,320,77,-58,117,-111,-8343
2.0500000000000003,320,79,-58,119,-113,-8260
2.06,320,81,-58,120,-115,-8160
2.07,320,83,-59,123,-118,-8042
2.0799999999999996,320,86,-61,125,-122,-7914
2.0899999999999994,320,89,-64,128,-125,-7783
2.099999999999999,320,92,-66,131,-128,-7664
2.109999999999999,320,95,-68,134,-131,-7559
2.1199999999999988,320,98,-71,137,-133,-7473
2.1299999999999986,320,100,-73,139,-134,-7410
2.1399999999999983,320,102,-75,141,-135,-7363
2.149999999999998,320,104,-78,143,-136,-7322
2.159999999999998,320,105,-80,145,-137,-7301
2.1699999999999977,320,106,-83,146,-137,-7294
2.1799999999999975,320,107,-84,147,-137,-7313
2.1899999999999973,320,107,-85,148,-136,-7354
2.199999999999997,320,108,-86,148,-134,-7404
2.209999999999997,320,107,-86,148,-133,-7479
2.2199999999999966,320,107,-86,147,-130,-7563
2.2299999999999964,320,107,-85,147,-128,-7643
2.239999999999996,320,106,-85,146,-126,-7724
2.249999999999996,320,106,-84,145,-124,-7807
2.259999999999996,320,105,-83,145,-122,-7883
2.2699999999999956,320,104,-82,144,-121,-7949
2.2799999999999954,320,103,-81,143,-119,-8001
2.289999999999995,320,102,-81,143,-119,-8029
2.299999999999995,320,100,-80,143,-118,-8040
2.3099999999999947,320,100,-79,143,-118,-8047
2.3199999999999945,320,99,-79,142,-118,-8056
2.3299999999999943,320,98,-79,143,-118,-8063
2.339999999999994,320,98,-79,143,-117,-8080
2.349999999999994,320,97,-79,142,-117,-8100
2.3599999999999937,320,97,-80,142,-116,-8133
2.3699999999999934,320,96,-80,142,-115,-8173
2.3799999999999932,320,96,-81,141,-114,-8221
2.389999999999993,320,95,-82,141,-113,-8264
2.399999999999993,320,94,-83,141,-112,-8293
2.4099999999999926,320,93,-85,141,-112,-8307
2.4199999999999924,320,92,-86,141,-112,-8306
2.429999999999992,320,92,-88,141,-112,-8293
2.439999999999992,320,91,-89,142,-113,-8265
2.4499999999999917,320,91,-90,142,-114,-8211
2.4599999999999915,320,92,-91,143,-116,-8148
2.4699999999999913,320,92,-91,144,-117,-8084
2.479999999999991,320,92,-92,145,-119,-8018
2.489999999999991,320,92,-93,146,-120,-7961
2.4999999999999907,320,92,-94,148,-121,-7922
2.5099999999999905,320,92,-95,149,-122,-7908
2.5199999999999902,320,93,-96,151,-122,-7902
2.52999999999999,320,93,-97,153,-122,-7904
2.53999999999999,320,93,-97,154,-121,-7923
2.5499999999999896,320,94,-98,155,-121,-7933
2.5599999999999894,320,94,-98,157,-121,-7923
2.569999999999989,320,94,-98,159,-122,-7903
2.579999999999989,320,94,-98,160,-122,-7884
2.5899999999999888,320,94,-98,161,-123,-7854
2.5999999999999885,320,94,-99,162,-124,-7826
2.6099999999999883,320,93,-99,162,-124,-7821
2.619999999999988,320,93,-100,162,-124,-7829
2.629999999999988,320,92,-100,162,-124,-7837
2.6399999999999877,320,92,-101,162,-123,-7847
2.6499999999999875,320,92,-101,162,-123,-7858
2.6599999999999873,320,91,-100,162,-123,-7869
2.669999999999987,320,91,-99,161,-122,-7884
2.679999999999987,320,90,-98,160,-122,-7899
2.6899999999999866,320,89,-97,160,-122,-7918
2.6999999999999864,320,89,-95,159,-121,-7935
2.709999999999986,320,89,-94,159,-121,-7957
2.719999999999986,320,89,-93,159,-120,-7985
2.7299999999999858,320,88,-91,159,-119,-8030
2.7399999999999856,320,88,-91,159,-117,-8084
2.7499999999999853,320,88,-90,159,-116,-8126
2.759999999999985,320,88,-90,159,-115,-8160
2.769999999999985,320,88,-90,160,-115,-8183
2.7799999999999847,320,88,-90,160,-114,-8200
2.7899999999999845,320,88,-90,161,-114,-8207
2.7999999999999843,320,87,-90,161,-114,-8206
2.809999999999984,320,87,-91,161,-115,-8191
2.819999999999984,320,87,-91,161,-115,-8161
2.8299999999999836,320,88,-92,161,-117,-8117
2.8399999999999834,320,88,-92,161,-118,-8072
2.849999999999983,320,88,-92,161,-119,-8030
2.859999999999983,320,88,-92,161,-120,-7990
2.869999999999983,320,89,-92,160,-121,-7957
2.8799999999999826,320,89,-91,160,-121,-7927
2.8899999999999824,320,89,-91,160,-122,-7897
2.899999999999982,320,90,-91,159,-123,-7867
2.909999999999982,320,90,-91,159,-124,-7837
2.9199999999999817,320,90,-90,159,-124,-7810
2.9299999999999815,320,91,-90,158,-125,-7789
2.9399999999999813,320,91,-90,158,-125,-7776
2.949999999999981,320,92,-90,157,-125,-7772
2.959999999999981,320,92,-90,156,-125,-7786
2.9699999999999807,320,92,-90,155,-124,-7809
2.9799999999999804,320,92,-90,154,-124,-7836
2.9899999999999802,320,93,-90,153,-123,-7865
2.99999999999998,320,93,-89,151,-122,-7886
3.00999999999998,320,93,-89,150,-122,-7908
3.0199999999999796,320,94,-88,148,-121,-7928
3.0299999999999794,320,94,-87,147,-121,-7928
3.039999999999979,320,94,-87,146,-122,-7897
3.049999999999979,320,94,-86,145,-123,-7842
3.0599999999999787,320,93,-86,145,-124,-7808
3.0699999999999785,320,94,-86,145,-125,-7782
3.0799999999999783,320,94,-86,145,-125,-7763
3.089999999999978,320,94,-87,145,-125,-7771
3.099999999999978,320,94,-87,145,-124,-7803
3.1099999999999777,320,94,-87,145,-124,-7826
3.1199999999999775,320,94,-87,146,-123,-7847
3.1299999999999772,320,93,-88,146,-123,-7871
3.139999999999977,320,93,-89,146,-122,-7905
3.149999999999977,320,92,-90,146,-121,-7933
3.1599999999999766,320,92,-91,146,-121,-7958
3.1699999999999764,320,91,-91,145,-120,-7977
3.179999999999976,320,91,-92,145,-120,-7983
3.189999999999976,320,91,-93,144,-120,-7973
3.1999999999999758,320,91,-94,144,-121,-7952
3.2099999999999755,320,91,-95,143,-122,-7919
3.2199999999999753,320,91,-95,142,-122,-7884
3.229999999999975,320,92,-95,141,-123,-7855
3.239999999999975,320,92,-95,140,-124,-7835
3.2499999999999747,320,93,-95,140,-124,-7811
3.2599999999999745,320,93,-94,139,-125,-7784
3.2699999999999743,320,94,-93,139,-125,-7763
3.279999999999974,320,95,-92,139,-126,-7751
3.289999999999974,320,97,-92,140,-126,-7749
3.2999999999999736,320,98,-92,139,-125,-7768
3.3099999999999734,320,99,-91,139,-124,-7808
3.319999999999973,320,99,-90,139,-123,-7874
3.329999999999973,320,99,-89,138,-121,-7946
3.3399999999999728,320,99,-88,137,-119,-8008
3.3499999999999726,320,99,-87,137,-118,-8049
3.3599999999999723,320,99,-86,137,-118,-8064
3.369999999999972,320,99,-85,136,-118,-8060
3.379999999999972,320,98,-84,136,-118,-8064
3.3899999999999717,320,97,-83,135,-118,-8069
3.3999999999999715,320,97,-81,134,-118,-8057
3.4099999999999713,320,96,-80,133,-119,-8027
3.419999999999971,320,96,-79,133,-120,-7988
3.429999999999971,320,95,-78,133,-121,-7958
3.4399999999999706,320,94,-78,133,-121,-7928
3.4499999999999704,320,94,-78,133,-122,-7908
3.45999999999997,320,94,-78,133,-122,-7911
3.46999999999997,320,94,-78,133,-122,-7917
3.47999999999997,320,93,-78,132,-121,-7923
3.4899999999999696,320,93,-78,132,-121,-7927
3.4999999999999694,320,92,-78,132,-121,-7938
3.509999999999969,320,93,-78,132,-121,-7943
3.519999999999969,320,93,-79,132,-121,-7959
3.5299999999999687,320,94,-79,132,-120,-7976
3.5399999999999685,320,95,-79,132,-120,-7990
3.5499999999999683,320,96,-79,132,-119,-8000
3.559999999999968,320,97,-79,132,-120,-7996
3.569999999999968,320,97,-79,132,-120,-7990
3.5799999999999677,320,98,-80,132,-120,-7981
3.5899999999999674,320,98,-80,133,-120,-7970
3.5999999999999672,320,98,-81,133,-120,-7967
3.609999999999967,320,97,-81,133,-120,-7976
3.619999999999967,320,97,-82,134,-120,-7990
3.6299999999999666,320,97,-83,134,-119,-8007
3.6399999999999664,320,96,-83,134,-119,-8024
3.649999999999966,320,95,-84,135,-119,-8034
3.659999999999966,320,94,-84,136,-118,-8047
3.6699999999999657,320,93,-84,136,-118,-8059
3.6799999999999655,320,93,-84,137,-118,-8076
3.6899999999999653,320,92,-84,137,-117,-8094
3.699999999999965,320,91,-84,137,-117,-8117
3.709999999999965,320,91,-84,138,-116,-8145
3.7199999999999647,320,91,-85,138,-115,-8185
3.7299999999999645,320,90,-85,137,-114,-8230
3.7399999999999642,320,90,-85,137,-112,-8280
3.749999999999964,320,90,-85,136,-111,-8326
3.759999999999964,320,90,-86,136,-110,-8363
3.7699999999999636,320,89,-86,136,-110,-8374
3.7799999999999634,320,90,-87,137,-110,-8366
3.789999999999963,320,90,-88,137,-111,-8349
3.799999999999963,320,90,-89,137,-111,-8325
3.8099999999999627,320,90,-89,138,-112,-8296
3.8199999999999625,320,89,-90,137,-113,-8267
3.8299999999999623,320,89,-90,137,-114,-8239
3.839999999999962,320,89,-91,137,-114,-8208
3.849999999999962,320,89,-91,137,-115,-8172
3.8599999999999617,320,90,-92,137,-116,-8132
3.8699999999999615,320,90,-92,137,-117,-8096
3.8799999999999613,320,91,-92,138,-118,-8056
3.889999999999961,320,91,-92,138,-119,-8011
3.899999999999961,320,92,-91,139,-120,-7966
3.9099999999999606,320,92,-91,141,-121,-7920
3.9199999999999604,320,92,-92,142,-123,-7876
3.92999999999996,320,92,-92,143,-123,-7855
3.93999999999996,320,92,-92,143,-123,-7863
3.9499999999999598,320,92,-93,144,-122,-7885
3.9599999999999596,320,92,-92,144,-122,-7901
3.9699999999999593,320,92,-92,144,-122,-7905
3.979999999999959,320,92,-92,145,-122,-7898
3.989999999999959,380,92,-92,145,-122,-7884
3.9999999999999587,380,92,-92,144,-123,-10000
4.009999999999959,380,92,-92,144,-123,-10000
4.019999999999959,380,92,-92,143,-123,-10000
4.0299999999999585,380,92,-92,143,-123,-10000
4.039999999999958,380,93,-91,142,-124,-10000
4.049999999999958,380,94,-91,143,-126,-10000
4.059999999999958,380,96,-91,144,-128,-10000
4.069999999999958,380,97,-92,146,-130,-9980
4.079999999999957,380,99,-93,149,-132,-9882
4.089999999999957,380,101,-95,151,-135,-9787
4.099999999999957,380,103,-97,154,-137,-9709
4.109999999999957,380,105,-100,156,-138,-9656
4.119999999999957,380,107,-103,158,-139,-9627
4.129999999999956,380,110,-106,160,-139,-9618
4.139999999999956,380,111,-108,162,-139,-9623
4.149999999999956,380,113,-110,163,-139,-9629
4.159999999999956,380,114,-111,165,-139,-9636
4.1699999999999555,380,114,-111,166,-138,-9648
4.179999999999955,380,114,-112,167,-138,-9668
4.189999999999955,380,115,-113,168,-137,-9692
4.199999999999955,380,114,-114,169,-136,-9722
4.209999999999955,380,114,-114,170,-136,-9756
4.2199999999999545,380,114,-113,170,-135,-9785
4.229999999999954,380,113,-113,171,-135,-9799
4.239999999999954,380,113,-113,171,-134,-9804
4.249999999999954,380,112,-113,172,-135,-9791
4.259999999999954,380,112,-113,172,-135,-9782
4.269999999999953,380,111,-113,173,-135,-9782
4.279999999999953,380,111,-113,173,-135,-9793
4.289999999999953,380,111,-112,173,-134,-9802
4.299999999999953,380,111,-112,173,-134,-9802
4.3099999999999525,380,111,-111,173,-135,-9790
4.319999999999952,380,111,-110,173,-136,-9757
4.329999999999952,380,110,-110,173,-137,-9718
4.339999999999952,380,110,-110,174,-138,-9678
4.349999999999952,380,111,-111,174,-139,-9639
4.3599999999999515,380,111,-111,174,-139,-9610
4.369999999999951,380,111,-111,174,-140,-9584
4.379999999999951,380,110,-111,173,-141,-9550
4.389999999999951,380,110,-112,173,-142,-9506
4.399999999999951,380,110,-112,172,-143,-9456
4.40999999999995,380,110,-112,172,-144,-9402
4.41999999999995,380,110,-113,172,-146,-9353
4.42999999999995,380,110,-113,171,-147,-9312
4.43999999999995,380,110,-113,170,-147,-9292
4.4499999999999496,380,111,-113,170,-147,-9292
4.459999999999949,380,112,-113,169,-147,-9304
4.469999999999949,380,113,-112,168,-146,-9333
4.479999999999949,380,114,-112,168,-145,-9361
4.489999999999949,380,115,-112,168,-145,-9383
4.4999999999999485,380,116,-111,167,-145,-9399
4.509999999999948,380,117,-111,167,-144,-9410
4.519999999999948,380,118,-111,167,-144,-9419
4.529999999999948,380,118,-111,167,-144,-9425
4.539999999999948,380,117,-111,167,-143,-9442
4.549999999999947,380,117,-110,167,-143,-9462
4.559999999999947,380,116,-110,167,-142,-9485
4.569999999999947,380,116,-109,166,-142,-9508
4.579999999999947,380,116,-109,166,-142,-9506
4.589999999999947,380,115,-109,166,-142,-9488
4.599999999999946,380,115,-108,166,-143,-9456
4.609999999999946,380,114,-107,165,-144,-9416
4.619999999999946,380,114,-107,165,-145,-9393
4.629999999999946,380,114,-106,165,-145,-9382
4.6399999999999455,380,114,-105,165,-145,-9375
4.649999999999945,380,114,-103,166,-145,-9375
4.659999999999945,380,115,-102,166,-145,-9365
4.669999999999945,380,116,-101,167,-146,-9351
4.679999999999945,380,117,-101,168,-146,-9338
4.689999999999944,380,119,-101,168,-146,-9335
4.699999999999944,380,120,-100,169,-146,-9343
4.709999999999944,380,121,-100,169,-145,-9365
4.719999999999944,380,121,-100,169,-145,-9388
4.729999999999944,380,121,-99,169,-145,-9397
4.739999999999943,380,121,-99,169,-144,-9402
4.749999999999943,380,121,-99,169,-145,-9386
4.759999999999943,380,121,-99,169,-145,-9362
4.769999999999943,380,121,-99,168,-146,-9353
4.7799999999999425,380,121,-99,168,-146,-9352
4.789999999999942,380,120,-98,167,-146,-9355
4.799999999999942,380,119,-98,167,-145,-9365
4.809999999999942,380,118,-99,167,-145,-9380
4.819999999999942,380,118,-99,166,-144,-9401
4.8299999999999415,380,118,-100,166,-144,-9433
4.839999999999941,380,118,-101,165,-143,-9465
4.849999999999941,380,118,-100,165,-142,-9497
4.859999999999941,380,118,-100,164,-141,-9522
4.869999999999941,380,118,-99,163,-141,-9529
4.87999999999994,380,118,-99,162,-141,-9535
4.88999999999994,380,118,-99,161,-141,-9528
4.89999999999994,380,118,-98,161,-142,-9519
4.90999999999994,380,119,-98,160,-142,-9506
4.9199999999999395,380,119,-97,159,-142,-9487
4.929999999999939,380,120,-97,158,-143,-9462
4.939999999999939,380,120,-96,158,-144,-9433
4.949999999999939,380,120,-96,158,-145,-9390
4.959999999999939,380,119,-96,159,-146,-9335
4.9699999999999385,380,118,-97,160,-147,-9280
4.979999999999938,380,117,-98,161,-149,-9230
4.989999999999938,380,117,-99,161,-150,-9191
4.999999999999938,380,116,-100,163,-151,-9158
5.009999999999938,380,116,-91,163,-151,-9129
5.019999999999937,380,117,-85,164,-152,-9113
5.029999999999937,380,117,-82,165,-152,-9080
5.039999999999937,380,117,-80,166,-153,-9042
5.049999999999937,380,117,-80,167,-154,-9018
5.0599999999999365,380,118,-81,168,-154,-9009
5.069999999999936,380,119,-83,168,-154,-9009
5.079999999999936,380,121,-85,167,-153,-9042
5.089999999999936,380,122,-87,167,-152,-9087
5.099999999999936,380,123,-88,168,-152,-9102
5.1099999999999355,380,124,-90,168,-152,-9096
5.119999999999935,380,126,-92,168,-152,-9085
5.129999999999935,380,127,-94,169,-153,-9065
5.139999999999935,380,128,-96,169,-153,-9046
5.149999999999935,380,129,-97,169,-153,-9045
5.159999999999934,380,129,-98,169,-153,-9060
5.169999999999934,380,129,-98,168,-152,-9082
5.179999999999934,380,128,-98,168,-152,-9098
5.189999999999934,380,128,-97,168,-152,-9101
5.199999999999934,380,127,-97,168,-152,-9095
5.209999999999933,380,126,-96,168,-153,-9070
5.219999999999933,380,125,-95,168,-154,-9034
5.229999999999933,380,125,-95,168,-154,-9014
5.239999999999933,380,124,-95,168,-154,-9017
5.2499999999999325,380,124,-96,168,-153,-9049
5.259999999999932,380,125,-96,167,-152,-9101
5.269999999999932,380,125,-96,167,-150,-9161
5.279999999999932,380,125,-96,167,-149,-9204
5.289999999999932,380,126,-96,167,-149,-9221
5.299999999999931,380,126,-96,167,-148,-9241
5.309999999999931,380,126,-97,167,-148,-9262
5.319999999999931,380,126,-97,167,-147,-9303
5.329999999999931,380,126,-97,167,-145,-9367
5.339999999999931,380,126,-97,167,-144,-9439
5.34999999999993,380,126,-98,167,-142,-9507
5.35999999999993,380,125,-100,166,-140,-9574
5.36999999999993,380,124,-101,166,-139,-9639
5.37999999999993,380,124,-102,166,-137,-9705
5.3899999999999295,380,123,-103,166,-135,-9786
5.399999999999929,380,122,-103,166,-133,-9877
5.409999999999929,380,121,-104,165,-131,-9955
5.419999999999929,380,120,-105,166,-130,-9991
5.429999999999929,380,119,-106,166,-130,-9993
5.4399999999999284,380,118,-107,166,-131,-9949
5.449999999999928,380,117,-109,167,-133,-9877
5.459999999999928,380,117,-110,168,-134,-9815
5.469999999999928,380,117,-111,169,-135,-9774
5.479999999999928,380,117,-112,170,-136,-9749
5.489999999999927,380,117,-114,171,-136,-9745
5.499999999999927,380,117,-115,172,-136,-9739
5.509999999999927,380,118,-117,173,-137,-9715
5.519999999999927,380,118,-119,175,-137,-9680
5.5299999999999265,380,119,-122,176,-138,-9645
5.539999999999926,380,119,-124,178,-139,-9606
5.549999999999926,380,119,-125,180,-140,-9573
5.559999999999926,380,119,-125,181,-141,-9552
5.569999999999926,380,118,-125,182,-141,-9535
5.5799999999999255,380,118,-125,183,-142,-9513
5.589999999999925,380,117,-125,184,-142,-9494
5.599999999999925,380,117,-125,184,-143,-9472
5.609999999999925,380,116,-125,185,-143,-9456
5.619999999999925,380,116,-125,185,-143,-9450
5.629999999999924,380,115,-124,184,-143,-9446
5.639999999999924,380,115,-124,184,-144,-9437
5.649999999999924,380,115,-126,184,-144,-9425
5.659999999999924,380,116,-127,183,-144,-9419
5.6699999999999235,380,116,-127,183,-144,-9423
5.679999999999923,380,116,-127,183,-144,-9431
5.689999999999923,380,116,-127,183,-143,-9442
5.699999999999923,380,116,-126,183,-143,-9461
5.709999999999923,380,116,-124,183,-143,-9470
5.7199999999999225,380,116,-123,184,-143,-9466
5.729999999999922,380,115,-121,184,-143,-9452
5.739999999999922,380,115,-120,184,-144,-9434
5.749999999999922,380,114,-119,184,-144,-9406
5.759999999999922,380,114,-118,184,-145,-9369
5.769999999999921,380,114,-117,184,-146,-9329
5.779999999999921,380,113,-116,184,-147,-9295
5.789999999999921,380,113,-114,184,-148,-9271
5.799999999999921,380,113,-113,184,-148,-9256
5.809999999999921,380,113,-112,184,-148,-9251
5.81999999999992,380,112,-112,184,-148,-9244
5.82999999999992,380,112,-112,184,-149,-9237
5.83999999999992,380,112,-112,183,-148,-9245
5.84999999999992,380,113,-112,183,-148,-9266
5.8599999999999195,380,113,-112,182,-147,-9301
5.869999999999919,380,114,-112,181,-146,-9355
5.879999999999919,380,115,-112,179,-144,-9418
5.889999999999919,380,116,-112,177,-143,-9479
5.899999999999919,380,117,-112,176,-141,-9527
5.909999999999918,380,118,-112,174,-141,-9550
5.919999999999918,380,118,-112,174,-141,-9542
5.929999999999918,380,118,-111,173,-142,-9519
5.939999999999918,380,118,-111,173,-142,-9491
5.949999999999918,380,118,-111,172,-143,-9476
5.959999999999917,380,118,-110,171,-143,-9474
5.969999999999917,380,118,-110,170,-142,-9484
5.979999999999917,380,118,-110,170,-142,-9489
5.989999999999917,440,117,-110,169,-142,-9481
5.9999999999999165,440,117,-110,169,-143,-10000
6.009999999999916,440,117,-111,168,-144,-10000
6.019999999999916,440,117,-113,167,-144,-10000
6.029999999999916,440,117,-114,167,-145,-10000
6.039999999999916,440,117,-115,167,-145,-10000
6.0499999999999154,440,118,-116,166,-146,-10000
6.059999999999915,440,119,-116,167,-147,-10000
6.069999999999915,440,120,-117,167,-147,-10000
6.079999999999915,440,123,-118,168,-148,-10000
6.089999999999915,440,125,-118,168,-149,-10000
6.099999999999914,440,127,-117,168,-150,-10000
6.109999999999914,440,129,-117,169,-152,-10000
6.119999999999914,440,130,-117,169,-153,-10000
6.129999999999914,440,131,-116,170,-155,-10000
6.1399999999999135,440,132,-116,170,-156,-10000
6.149999999999913,440,132,-115,171,-158,-10000
6.159999999999913,440,132,-114,171,-158,-10000
6.169999999999913,440,131,-113,171,-159,-10000
6.179999999999913,440,130,-112,172,-159,-10000
6.1899999999999125,440,128,-111,172,-159,-10000
6.199999999999912,440,128,-111,173,-159,-10000
6.209999999999912,440,129,-110,173,-159,-10000
6.219999999999912,440,129,-110,174,-159,-10000
6.229999999999912,440,130,-109,174,-159,-10000
6.239999999999911,440,131,-108,173,-159,-10000
6.249999999999911,440,131,-107,173,-159,-10000
6.259999999999911,440,132,-106,173,-158,-10000
6.269999999999911,440,133,-95,173,-158,-10000
6.2799999999999105,440,133,-88,173,-157,-10000
6.28999999999991,440,133,-83,173,-157,-10000
6.29999999999991,440,132,-80,174,-158,-10000
6.30999999999991,440,131,-80,174,-158,-10000
6.31999999999991,440,130,-81,175,-159,-10000
6.3299999999999095,440,129,-84,176,-160,-10000
6.339999999999909,440,128,-86,176,-160,-10000
6.349999999999909,440,128,-89,176,-159,-10000
6.359999999999909,440,127,-91,177,-159,-10000
6.369999999999909,440,126,-93,177,-158,-10000
6.379999999999908,440,125,-95,177,-158,-10000
6.389999999999908,440,124,-97,178,-159,-10000
6.399999999999908,440,124,-98,178,-159,-10000
6.409999999999908,440,123,-100,179,-159,-10000
6.419999999999908,440,122,-101,179,-159,-10000
6.429999999999907,440,122,-101,179,-159,-10000
6.439999999999907,440,122,-102,178,-158,-10000
6.449999999999907,440,121,-103,178,-157,-10000
6.459999999999907,440,121,-103,178,-157,-10000
6.4699999999999065,440,122,-103,178,-156,-10000
6.479999999999906,440,122,-104,178,-156,-10000
6.489999999999906,440,123,-106,178,-156,-10000
6.499999999999906,440,124,-108,178,-156,-10000
6.509999999999906,440,124,-109,178,-155,-10000
6.519999999999905,440,124,-110,178,-155,-10000
6.529999999999905,440,124,-110,178,-155,-10000
6.539999999999905,440,124,-111,178,-156,-10000
6.549999999999905,440,124,-111,178,-156,-10000
6.559999999999905,440,123,-111,179,-157,-10000
6.569999999999904,440,123,-112,180,-157,-10000
6.579999999999904,440,123,-112,180,-157,-10000
6.589999999999904,440,123,-113,180,-157,-10000
6.599999999999904,440,123,-113,181,-157,-10000
6.6099999999999035,440,122,-114,181,-157,-10000
6.619999999999903,440,122,-114,182,-156,-10000
6.629999999999903,440,121,-115,183,-156,-10000
6.639999999999903,440,121,-116,183,-155,-10000
6.649999999999903,440,121,-105,184,-154,-10000
6.659999999999902,440,121,-97,184,-152,-10000
6.669999999999902,440,121,-88,185,-152,-10000
6.679999999999902,440,121,-83,185,-151,-10000
6.689999999999902,440,121,-80,186,-151,-10000
6.699999999999902,440,121,-80,187,-151,-10000
6.709999999999901,440,121,-81,187,-151,-10000
6.719999999999901,440,120,-84,188,-152,-10000
6.729999999999901,440,119,-87,188,-152,-10000
6.739999999999901,440,118,-90,188,-152,-10000
6.7499999999999005,440,117,-93,189,-152,-10000
6.7599999999999,440,116,-96,189,-151,-10000
6.7699999999999,440,115,-99,189,-151,-10000
6.7799999999999,440,114,-101,190,-151,-10000
6.7899999999999,440,114,-104,190,-151,-10000
6.7999999999998995,440,114,-106,190,-151,-10000
6.809999999999899,440,114,-107,190,-150,-10000
6.819999999999899,440,113,-107,191,-150,-10000
6.829999999999899,440,113,-108,191,-150,-10000
6.839999999999899,440,113,-108,190,-151,-10000
6.849999999999898,440,114,-108,190,-151,-10000
6.859999999999898,440,114,-108,190,-152,-10000
6.869999999999898,440,114,-108,189,-152,-10000
6.879999999999898,440,115,-107,188,-152,-10000
6.8899999999998975,440,116,-107,188,-152,-10000
6.899999999999897,440,116,-107,187,-151,-10000
6.909999999999897,440,117,-106,187,-151,-10000
6.919999999999897,440,117,-105,187,-150,-10000
6.929999999999897,440,118,-105,186,-149,-10000
6.9399999999998965,440,118,-104,186,-149,-10000
6.949999999999896,440,118,-104,186,-148,-10000
6.959999999999896,440,119,-105,187,-147,-10000
6.969999999999896,440,118,-95,186,-147,-10000
6.979999999999896,440,118,-88,186,-147,-10000
6.989999999999895,440,118,-85,186,-146,-10000
6.999999999999895,440,117,-83,186,-147,-10000
7.009999999999895,440,117,-83,186,-147,-10000
7.019999999999895,440,117,-85,186,-147,-10000
7.0299999999998946,440,116,-87,186,-146,-10000
7.039999999999894,440,116,-90,186,-146,-10000
7.049999999999894,440,116,-93,186,-144,-10000
7.059999999999894,440,115,-97,187,-143,-10000
7.069999999999894,440,115,-100,187,-143,-10000
7.0799999999998935,440,114,-103,187,-143,-10000
7.089999999999893,440,114,-107,188,-144,-10000
7.099999999999893,440,114,-110,188,-145,-10000
7.109999999999893,440,115,-113,188,-146,-10000
7.119999999999893,440,115,-115,188,-147,-10000
7.129999999999892,440,116,-116,187,-147,-10000
7.139999999999892,440,117,-117,187,-148,-10000
7.149999999999892,440,117,-117,187,-149,-10000
7.159999999999892,440,118,-118,187,-151,-10000
7.169999999999892,440,119,-119,188,-153,-10000
7.179999999999891,440,120,-120,187,-154,-10000
7.189999999999891,440,120,-120,187,-155,-10000
7.199999999999891,440,120,-120,187,-155,-10000
7.209999999999891,440,120,-119,186,-155,-10000
7.2199999999998905,440,120,-118,186,-155,-10000
7.22999999999989,440,119,-117,185,-155,-10000
7.23999999999989,440,119,-115,185,-155,-10000
7.24999999999989,440,119,-114,185,-155,-10000
7.25999999999989,440,120,-113,184,-155,-10000
7.269999999999889,440,120,-112,184,-155,-10000
7.279999999999889,440,120,-112,184,-155,-10000
7.289999999999889,440,120,-111,183,-154,-10000
7.299999999999889,440,121,-111,183,-154,-10000
7.309999999999889,440,121,-110,183,-154,-10000
7.319999999999888,440,122,-109,183,-153,-10000
7.329999999999888,440,123,-109,183,-153,-10000
7.339999999999888,440,123,-110,183,-153,-10000
7.349999999999888,440,124,-110,183,-152,-10000
7.3599999999998875,440,124,-110,182,-151,-10000
7.369999999999887,440,123,-110,182,-151,-10000
7.379999999999887,440,123,-109,182,-150,-10000
7.389999999999887,440,122,-109,182,-150,-10000
7.399999999999887,440,122,-109,182,-150,-10000
7.4099999999998865,440,121,-108,182,-149,-10000
7.419999999999886,440,121,-107,182,-148,-10000
7.429999999999886,440,120,-106,182,-148,-10000
7.439999999999886,440,120,-105,182,-148,-10000
7.449999999999886,440,119,-103,182,-148,-10000
7.459999999999885,440,118,-102,182,-148,-10000
7.469999999999885,440,118,-101,182,-149,-10000
7.479999999999885,440,118,-101,182,-149,-10000
7.489999999999885,440,118,-101,182,-150,-10000
7.4999999999998845,440,118,-101,182,-150,-10000
7.509999999999884,440,119,-100,182,-151,-10000
7.519999999999884,440,120,-100,181,-152,-10000
7.529999999999884,440,122,-100,181,-153,-10000
7.539999999999884,440,123,-100,180,-154,-10000
7.5499999999998835,440,124,-100,179,-155,-10000
7.559999999999883,440,125,-99,178,-156,-10000
7.569999999999883,440,126,-99,178,-158,-10000
7.579999999999883,440,127,-98,177,-159,-10000
7.589999999999883,440,127,-98,177,-160,-10000
7.599999999999882,440,127,-97,177,-161,-10000
7.609999999999882,440,126,-97,177,-163,-10000
7.619999999999882,440,126,-98,177,-164,-10000
7.629999999999882,440,126,-99,177,-165,-10000
7.6399999999998816,440,126,-101,178,-166,-10000
7.649999999999881,440,127,-102,178,-167,-10000
7.659999999999881,440,128,-103,178,-168,-10000
7.669999999999881,440,128,-104,179,-168,-10000
7.679999999999881,440,129,-105,179,-168,-10000
7.6899999999998805,440,129,-105,179,-168,-10000
7.69999999999988,440,130,-105,180,-168,-10000
7.70999999999988,440,131,-105,180,-169,-10000
7.71999999999988,440,131,-104,181,-169,-10000
7.72999999999988,440,132,-104,181,-168,-10000
7.739999999999879,440,132,-103,181,-168,-10000
7.749999999999879,440,132,-103,182,-168,-10000
7.759999999999879,440,132,-102,182,-167,-10000
7.769999999999879,440,132,-102,182,-166,-10000
7.779999999999879,440,133,-102,183,-165,-10000
7.789999999999878,440,133,-102,183,-164,-10000
7.799999999999878,440,133,-102,184,-164,-10000
7.809999999999878,440,132,-101,185,-164,-10000
7.819999999999878,440,132,-101,186,-164,-10000
7.8299999999998775,440,132,-102,186,-165,-10000
7.839999999999877,440,132,-103,187,-165,-10000
7.849999999999877,440,133,-103,187,-164,-10000
7.859999999999877,440,134,-104,186,-164,-10000
7.869999999999877,440,134,-104,187,-164,-10000
7.879999999999876,440,135,-104,187,-164,-10000
7.889999999999876,440,136,-105,187,-165,-10000
7.899999999999876,440,136,-106,187,-166,-10000
7.909999999999876,440,136,-106,188,-166,-10000
7.919999999999876,440,136,-106,188,-166,-10000
7.929999999999875,440,136,-106,187,-165,-10000
7.939999999999875,440,136,-106,187,-163,-10000
7.949999999999875,440,135,-106,187,-162,-10000
7.959999999999875,440,134,-106,187,-160,-10000
7.9699999999998745,440,134,-106,187,-158,-10000
7.979999999999874,440,132,-106,187,-156,-10000
