t,i1,i2,i3,i4,i5,i6
0.0,100,0,0,0,0,0
0.01,100,0,0,0,0,-6000
0.02,100,0,0,0,0,-6000
0.03,100,0,0,0,0,-6000
0.04,100,0,0,0,0,-6000
0.05,100,0,0,0,0,-6000
0.060000000000000005,100,0,0,0,0,-6000
0.07,100,0,0,2,-2,-5869
0.08,100,1,0,6,-5,-5652
0.09,100,5,0,11,-10,-5390
0.09999999999999999,100,9,0,17,-14,-5108
0.10999999999999999,100,13,-1,23,-19,-4823
0.11999999999999998,100,18,-3,29,-23,-4575
0.12999999999999998,100,22,-5,35,-27,-4362
0.13999999999999999,100,25,-8,40,-30,-4183
0.15,100,28,-10,44,-32,-4037
0.16,100,31,-13,47,-33,-3963
0.17,100,33,-16,49,-34,-3943
0.18000000000000002,100,34,-18,50,-33,-3961
0.19000000000000003,100,34,-20,50,-33,-4006
0.20000000000000004,100,33,-22,50,-32,-4068
0.21000000000000005,100,32,-24,50,-31,-4138
0.22000000000000006,100,31,-25,50,-29,-4212
0.23000000000000007,100,30,-26,49,-28,-4284
0.24000000000000007,100,28,-27,47,-27,-4353
0.25000000000000006,100,27,-28,44,-26,-4415
0.26000000000000006,100,26,-27,41,-25,-4471
0.2700000000000001,100,25,-26,37,-24,-4554
0.2800000000000001,100,24,-25,33,-22,-4653
0.2900000000000001,100,23,-23,29,-20,-4758
0.3000000000000001,100,22,-21,26,-18,-4863
0.3100000000000001,100,22,-19,23,-17,-4964
0.3200000000000001,100,21,-17,20,-15,-5056
0.3300000000000001,100,21,-15,18,-14,-5139
0.34000000000000014,100,20,-13,16,-13,-5212
0.35000000000000014,100,18,-12,15,-12,-5274
0.36000000000000015,100,16,-11,13,-11,-5320
0.37000000000000016,100,14,-10,12,-10,-5354
0.38000000000000017,100,13,-9,11,-10,-5377
0.3900000000000002,100,11,-8,10,-10,-5391
0.4000000000000002,100,10,-8,10,-10,-5399
0.4100000000000002,100,9,-8,10,-9,-5402
0.4200000000000002,100,7,-7,11,-9,-5401
0.4300000000000002,100,7,-7,12,-10,-5388
0.4400000000000002,100,6,-6,14,-10,-5365
0.45000000000000023,100,6,-6,16,-11,-5337
0.46000000000000024,100,6,-6,18,-11,-5307
0.47000000000000025,100,6,-6,20,-12,-5258
0.48000000000000026,100,6,-6,22,-13,-5198
0.49000000000000027,100,6,-6,25,-14,-5133
0.5000000000000002,100,7,-6,26,-15,-5067
0.5100000000000002,100,8,-7,28,-16,-4992
0.5200000000000002,100,10,-7,30,-18,-4916
0.5300000000000002,100,11,-8,32,-19,-4808
0.5400000000000003,100,13,-8,33,-21,-4685
0.5500000000000003,100,14,-9,34,-24,-4555
0.5600000000000003,100,15,-9,35,-26,-4427
0.5700000000000003,100,16,-10,35,-28,-4305
0.5800000000000003,100,17,-10,35,-30,-4193
0.5900000000000003,100,17,-10,34,-30,-4152
0.6000000000000003,100,18,-11,34,-30,-4163
0.6100000000000003,100,19,-11,33,-29,-4210
0.6200000000000003,100,19,-11,32,-28,-4279
0.6300000000000003,100,19,-11,31,-27,-4362
0.6400000000000003,100,20,-11,30,-25,-4450
0.6500000000000004,100,20,-11,29,-24,-4538
0.6600000000000004,100,20,-11,28,-22,-4622
0.6700000000000004,100,20,-11,27,-21,-4700
0.6800000000000004,100,21,-11,26,-20,-4770
0.6900000000000004,100,21,-11,25,-19,-4831
0.7000000000000004,100,21,-11,24,-18,-4883
0.7100000000000004,100,20,-10,23,-17,-4948
0.7200000000000004,100,19,-10,22,-16,-5019
0.7300000000000004,100,18,-10,20,-15,-5091
0.7400000000000004,100,17,-9,19,-13,-5161
0.7500000000000004,100,15,-9,17,-12,-5226
0.7600000000000005,100,14,-9,16,-11,-5285
0.7700000000000005,100,13,-8,16,-11,-5315
0.7800000000000005,100,12,-8,15,-11,-5324
0.7900000000000005,100,11,-8,15,-11,-5318
0.8000000000000005,100,10,-7,16,-12,-5259
0.8100000000000005,100,9,-7,17,-13,-5165
0.8200000000000005,100,9,-7,19,-15,-5050
0.8300000000000005,100,9,-7,21,-17,-4927
0.8400000000000005,100,8,-7,23,-19,-4818
0.8500000000000005,100,9,-7,25,-21,-4725
0.8600000000000005,100,9,-8,28,-22,-4647
0.8700000000000006,100,10,-8,30,-23,-4583
0.8800000000000006,100,12,-8,32,-24,-4531
0.8900000000000006,100,13,-8,33,-25,-4491
0.9000000000000006,100,14,-8,34,-25,-4460
0.9100000000000006,100,15,-9,35,-26,-4438
0.9200000000000006,100,16,-9,35,-26,-4422
0.9300000000000006,100,17,-10,35,-26,-4412
0.9400000000000006,100,18,-10,35,-26,-4406
0.9500000000000006,100,19,-10,34,-26,-4403
0.9600000000000006,100,19,-10,33,-25,-4440
0.9700000000000006,100,19,-11,32,-24,-4504
0.9800000000000006,100,19,-11,31,-23,-4582
0.9900000000000007,100,19,-11,31,-22,-4669
1.0000000000000007,100,18,-11,29,-20,-4757
1.0100000000000007,100,17,-11,28,-19,-4842
1.0200000000000007,100,17,-11,26,-17,-4921
1.0300000000000007,100,16,-11,24,-16,-4993
1.0400000000000007,100,15,-10,23,-15,-5056
1.0500000000000007,100,15,-10,21,-14,-5110
1.0600000000000007,100,14,-10,20,-14,-5156
1.0700000000000007,100,14,-9,19,-13,-5204
1.0800000000000007,100,14,-9,17,-12,-5252
1.0900000000000007,100,13,-9,16,-11,-5298
1.1000000000000008,100,13,-8,15,-10,-5340
1.1100000000000008,100,12,-8,15,-10,-5377
1.1200000000000008,100,11,-8,14,-10,-5386
1.1300000000000008,100,11,-8,15,-10,-5374
1.1400000000000008,100,10,-8,15,-10,-5348
1.1500000000000008,100,9,-7,17,-11,-5313
1.1600000000000008,100,9,-7,18,-12,-5274
1.1700000000000008,100,9,-7,20,-12,-5226
1.1800000000000008,100,9,-7,22,-13,-5172
1.1900000000000008,100,9,-7,24,-14,-5119
1.2000000000000008,100,9,-7,26,-15,-5067
1.2100000000000009,100,10,-7,28,-16,-5018
1.2200000000000009,100,11,-7,31,-17,-4974
1.2300000000000009,100,12,-7,32,-17,-4936
1.2400000000000009,100,13,-7,33,-18,-4919
1.2500000000000009,100,14,-7,34,-18,-4917
1.260000000000001,100,15,-8,35,-17,-4927
1.270000000000001,100,16,-8,35,-17,-4944
1.280000000000001,100,17,-8,36,-17,-4966
1.290000000000001,100,17,-9,35,-16,-4990
1.300000000000001,100,18,-9,34,-16,-5014
1.310000000000001,100,18,-9,32,-16,-5038
1.320000000000001,100,17,-10,31,-15,-5060
1.330000000000001,100,17,-10,29,-15,-5079
1.340000000000001,100,17,-10,27,-14,-5108
1.350000000000001,100,17,-10,25,-14,-5140
1.360000000000001,100,16,-10,24,-13,-5175
1.370000000000001,100,16,-10,22,-13,-5209
1.380000000000001,100,16,-10,21,-12,-5242
1.390000000000001,100,15,-10,19,-12,-5272
1.400000000000001,100,15,-10,18,-11,-5282
1.410000000000001,100,14,-10,17,-12,-5279
1.420000000000001,100,13,-10,17,-12,-5266
1.430000000000001,100,13,-10,18,-12,-5247
1.440000000000001,100,12,-10,19,-13,-5211
1.450000000000001,100,11,-9,20,-13,-5165
1.460000000000001,100,10,-9,21,-14,-5113
1.470000000000001,100,10,-9,23,-15,-5061
1.480000000000001,100,9,-9,25,-16,-5009
1.490000000000001,100,9,-9,27,-17,-4958
1.500000000000001,100,9,-8,29,-18,-4910
1.5100000000000011,100,9,-8,31,-18,-4866
1.5200000000000011,100,9,-8,32,-19,-4827
1.5300000000000011,100,10,-8,33,-20,-4796
1.5400000000000011,100,10,-9,34,-20,-4771
1.5500000000000012,100,11,-9,35,-20,-4752
1.5600000000000012,100,11,-10,36,-21,-4738
1.5700000000000012,100,12,-10,36,-21,-4729
1.5800000000000012,100,13,-11,36,-21,-4725
1.5900000000000012,100,13,-11,36,-21,-4726
1.6000000000000012,100,14,-12,35,-21,-4730
1.6100000000000012,100,14,-12,34,-21,-4736
1.6200000000000012,100,15,-13,32,-20,-4742
1.6300000000000012,100,15,-13,31,-20,-4750
1.6400000000000012,100,15,-13,29,-20,-4757
1.6500000000000012,100,15,-14,27,-20,-4764
1.6600000000000013,100,15,-14,26,-20,-4771
1.6700000000000013,100,15,-14,24,-20,-4777
1.6800000000000013,100,15,-14,22,-20,-4782
1.6900000000000013,100,15,-13,21,-20,-4786
1.7000000000000013,100,15,-13,20,-20,-4790
1.7100000000000013,100,15,-13,19,-19,-4825
1.7200000000000013,100,15,-13,18,-18,-4880
1.7300000000000013,100,14,-13,17,-17,-4948
1.7400000000000013,100,14,-12,17,-16,-5021
1.7500000000000013,100,13,-12,16,-15,-5094
1.7600000000000013,100,12,-12,16,-13,-5164
1.7700000000000014,100,11,-12,16,-12,-5230
1.7800000000000014,100,11,-12,16,-11,-5288
1.7900000000000014,100,10,-11,16,-10,-5340
1.8000000000000014,100,9,-11,16,-10,-5384
1.8100000000000014,100,9,-11,17,-9,-5416
1.8200000000000014,100,8,-10,18,-9,-5438
1.8300000000000014,100,8,-9,19,-9,-5451
1.8400000000000014,100,7,-9,20,-9,-5458
1.8500000000000014,100,7,-8,21,-9,-5432
1.8600000000000014,100,7,-8,22,-10,-5382
1.8700000000000014,100,7,-8,24,-11,-5318
1.8800000000000014,100,7,-7,25,-12,-5248
1.8900000000000015,100,7,-7,27,-13,-5176
1.9000000000000015,100,7,-7,28,-14,-5106
1.9100000000000015,100,8,-7,29,-15,-5049
1.9200000000000015,100,9,-7,30,-16,-5002
1.9300000000000015,100,10,-7,31,-17,-4966
1.9400000000000015,100,10,-7,32,-17,-4939
1.9500000000000015,100,11,-8,33,-18,-4919
1.9600000000000015,100,12,-8,33,-18,-4904
1.9700000000000015,100,13,-8,33,-18,-4906
1.9800000000000015,100,13,-8,33,-18,-4918
1.9900000000000015,100,14,-9,32,-17,-4937
2.0000000000000013,160,14,-9,32,-17,-8561
2.010000000000001,160,13,-10,31,-16,-8586
2.020000000000001,160,13,-10,30,-16,-8596
2.0300000000000007,160,13,-11,28,-16,-8594
2.0400000000000005,160,12,-11,28,-18,-8512
2.0500000000000003,160,12,-12,30,-20,-8377
2.06,160,12,-13,34,-24,-8155
2.07,160,14,-17,39,-29,-7856
2.0799999999999996,160,16,-22,46,-35,-7488
2.0899999999999994,160,20,-28,54,-42,-7057
2.099999999999999,160,24,-34,61,-49,-6600
2.109999999999999,160,29,-41,68,-57,-6143
2.1199999999999988,160,34,-47,74,-64,-5703
2.1299999999999986,160,39,-53,81,-71,-5325
2.1399999999999983,160,44,-58,86,-76,-5022
2.149999999999998,160,49,-62,89,-80,-4786
2.159999999999998,160,53,-65,92,-83,-4615
2.1699999999999977,160,57,-67,93,-84,-4527
2.1799999999999975,160,60,-68,94,-84,-4515
2.1899999999999973,160,62,-68,93,-84,-4556
2.199999999999997,160,62,-67,91,-82,-4649
2.209999999999997,160,62,-66,89,-80,-4774
2.2199999999999966,160,61,-64,86,-77,-4933
2.2299999999999964,160,59,-61,83,-74,-5108
2.239999999999996,160,57,-57,80,-71,-5294
2.249999999999996,160,54,-54,76,-68,-5481
2.259999999999996,160,51,-50,73,-65,-5670
2.2699999999999956,160,48,-46,70,-62,-5852
2.2799999999999954,160,46,-43,68,-59,-6008
2.289999999999995,160,43,-40,66,-57,-6138
2.299999999999995,160,41,-37,65,-55,-6242
2.3099999999999947,160,39,-36,64,-54,-6302
2.3199999999999945,160,38,-34,65,-54,-6328
2.3299999999999943,160,37,-34,65,-54,-6308
2.339999999999994,160,37,-34,67,-55,-6240
2.349999999999994,160,37,-35,68,-57,-6142
2.3599999999999937,160,38,-36,69,-59,-6042
2.3699999999999934,160,40,-37,71,-61,-5922
2.3799999999999932,160,42,-38,72,-63,-5793
2.389999999999993,160,44,-40,74,-65,-5645
2.399999999999993,160,47,-41,76,-68,-5490
2.4099999999999926,160,49,-42,78,-70,-5367
2.4199999999999924,160,51,-44,80,-71,-5305
2.429999999999992,160,52,-45,82,-71,-5290
2.439999999999992,160,54,-47,83,-71,-5314
2.4499999999999917,160,54,-48,84,-70,-5363
2.4599999999999915,160,55,-49,84,-69,-5427
2.4699999999999913,160,54,-50,84,-68,-5494
2.479999999999991,160,54,-50,84,-67,-5561
2.489999999999991,160,53,-50,83,-66,-5630
2.4999999999999907,160,51,-50,82,-65,-5698
2.5099999999999905,160,50,-49,80,-64,-5759
2.5199999999999902,160,48,-49,78,-63,-5818
2.52999999999999,160,47,-48,76,-62,-5873
2.53999999999999,160,45,-47,74,-61,-5922
2.5499999999999896,160,44,-46,73,-60,-5966
2.5599999999999894,160,43,-45,72,-59,-6001
2.569999999999989,160,42,-44,71,-60,-5990
2.579999999999989,160,41,-43,70,-60,-5949
2.5899999999999888,160,40,-42,70,-61,-5906
2.5999999999999885,160,39,-42,71,-62,-5864
2.6099999999999883,160,39,-42,71,-62,-5825
2.619999999999988,160,38,-42,72,-63,-5807
2.629999999999988,160,38,-42,73,-63,-5782
2.6399999999999877,160,39,-43,74,-64,-5753
2.6499999999999875,160,40,-43,75,-64,-5733
2.6599999999999873,160,41,-43,76,-64,-5728
2.669999999999987,160,42,-44,77,-64,-5734
2.679999999999987,160,43,-44,79,-64,-5741
2.6899999999999866,160,44,-44,79,-64,-5751
2.6999999999999864,160,44,-44,80,-63,-5768
2.709999999999986,160,45,-44,80,-63,-5782
2.719999999999986,160,45,-44,80,-63,-5794
2.7299999999999858,160,46,-44,80,-63,-5812
2.7399999999999856,160,46,-44,80,-62,-5832
2.7499999999999853,160,47,-44,80,-62,-5873
2.759999999999985,160,47,-44,80,-61,-5899
2.769999999999985,160,47,-43,80,-61,-5914
2.7799999999999847,160,47,-42,80,-61,-5934
2.7899999999999845,160,47,-41,80,-60,-5956
2.7999999999999843,160,46,-40,80,-60,-5981
2.809999999999984,160,45,-40,80,-59,-6008
2.819999999999984,160,45,-40,80,-59,-6058
2.8299999999999836,160,45,-41,80,-58,-6096
2.8399999999999834,160,44,-41,79,-57,-6124
2.849999999999983,160,44,-41,79,-58,-6117
2.859999999999983,160,44,-41,79,-58,-6093
2.869999999999983,160,44,-41,78,-59,-6059
2.8799999999999826,160,44,-42,78,-59,-6038
2.8899999999999824,160,44,-42,77,-59,-6026
2.899999999999982,160,44,-42,76,-58,-6060
2.909999999999982,160,44,-42,76,-57,-6123
2.9199999999999817,160,44,-42,76,-57,-6173
2.9299999999999815,160,44,-43,75,-56,-6211
2.9399999999999813,160,44,-43,75,-56,-6223
2.949999999999981,160,44,-43,75,-56,-6211
2.959999999999981,160,44,-43,76,-56,-6182
2.9699999999999807,160,43,-44,76,-57,-6146
2.9799999999999804,160,43,-44,77,-58,-6106
2.9899999999999802,160,44,-45,78,-58,-6095
2.99999999999998,160,44,-45,79,-58,-6104
3.00999999999998,160,45,-45,79,-57,-6124
3.0199999999999796,160,45,-46,80,-58,-6114
3.0299999999999794,160,45,-46,81,-58,-6083
3.039999999999979,160,45,-46,81,-59,-6029
3.049999999999979,160,45,-46,80,-60,-5986
3.0599999999999787,160,45,-46,80,-60,-5955
3.0699999999999785,160,45,-46,79,-61,-5915
3.0799999999999783,160,45,-46,79,-61,-5892
3.089999999999978,160,45,-45,79,-61,-5880
3.099999999999978,160,45,-45,79,-62,-5845
3.1099999999999777,160,45,-45,80,-62,-5824
3.1199999999999775,160,45,-45,80,-63,-5815
3.1299999999999772,160,45,-45,81,-62,-5830
3.139999999999977,160,44,-46,81,-62,-5862
3.149999999999977,160,44,-45,81,-61,-5890
3.1599999999999766,160,43,-45,82,-61,-5904
3.1699999999999764,160,43,-45,82,-61,-5907
3.179999999999976,160,42,-44,81,-61,-5895
3.189999999999976,160,41,-44,81,-61,-5899
3.1999999999999758,160,41,-44,80,-61,-5915
3.2099999999999755,160,40,-44,79,-61,-5924
3.2199999999999753,160,40,-44,78,-61,-5907
3.229999999999975,160,40,-44,77,-62,-5873
3.239999999999975,160,40,-45,77,-62,-5838
3.2499999999999747,160,39,-46,76,-63,-5800
3.2599999999999745,160,39,-46,75,-63,-5760
3.2699999999999743,160,39,-47,74,-64,-5730
3.279999999999974,160,39,-47,74,-65,-5688
3.289999999999974,160,39,-47,73,-65,-5641
3.2999999999999736,160,39,-47,72,-66,-5597
3.3099999999999734,160,40,-47,72,-67,-5557
3.319999999999973,160,41,-47,71,-68,-5509
3.329999999999973,160,41,-46,71,-69,-5457
3.3399999999999728,160,42,-46,71,-69,-5429
3.3499999999999726,160,42,-45,71,-69,-5418
3.3599999999999723,160,43,-45,72,-69,-5420
3.369999999999972,160,43,-45,73,-69,-5448
3.379999999999972,160,43,-45,74,-68,-5491
3.3899999999999717,160,43,-45,75,-67,-5558
3.3999999999999715,160,44,-45,76,-66,-5638
3.4099999999999713,160,45,-45,78,-64,-5715
3.419999999999971,160,46,-44,79,-63,-5764
3.429999999999971,160,47,-44,80,-63,-5790
3.4399999999999706,160,48,-44,80,-63,-5799
3.4499999999999704,160,48,-45,81,-63,-5798
3.45999999999997,160,48,-45,81,-63,-5790
3.46999999999997,160,48,-45,81,-63,-5797
3.47999999999997,160,48,-46,80,-63,-5805
3.4899999999999696,160,48,-46,80,-63,-5814
3.4999999999999694,160,48,-46,79,-62,-5834
3.509999999999969,160,48,-46,79,-62,-5861
3.519999999999969,160,47,-46,78,-61,-5886
3.5299999999999687,160,46,-46,78,-61,-5908
3.5399999999999685,160,45,-46,77,-60,-5955
3.5499999999999683,160,44,-46,76,-59,-6016
3.559999999999968,160,43,-45,75,-58,-6083
3.569999999999968,160,41,-45,75,-57,-6128
3.5799999999999677,160,40,-45,74,-57,-6157
3.5899999999999674,160,40,-44,73,-57,-6168
3.5999999999999672,160,39,-44,72,-57,-6166
3.609999999999967,160,38,-43,71,-57,-6148
3.619999999999967,160,38,-42,71,-58,-6116
3.6299999999999666,160,38,-42,71,-58,-6075
3.6399999999999664,160,37,-41,72,-59,-6054
3.649999999999966,160,37,-41,72,-59,-6047
3.659999999999966,160,37,-40,73,-59,-6053
3.6699999999999657,160,38,-40,74,-59,-6050
3.6799999999999655,160,38,-41,75,-59,-6040
3.6899999999999653,160,38,-41,77,-59,-6029
3.699999999999965,160,38,-42,78,-59,-6017
3.709999999999965,160,38,-42,79,-59,-6005
3.7199999999999647,160,39,-43,81,-60,-5980
3.7299999999999645,160,39,-44,82,-60,-5948
3.7399999999999642,160,40,-45,83,-61,-5919
3.749999999999964,160,41,-47,84,-61,-5887
3.759999999999964,160,41,-48,84,-62,-5853
3.7699999999999636,160,42,-49,85,-62,-5831
3.7799999999999634,160,42,-49,85,-63,-5801
3.789999999999963,160,42,-49,84,-63,-5767
3.799999999999963,160,42,-49,84,-64,-5738
3.8099999999999627,160,43,-49,83,-64,-5711
3.8199999999999625,160,43,-48,82,-65,-5686
3.8299999999999623,160,43,-48,81,-65,-5668
3.839999999999962,160,43,-48,80,-65,-5660
3.849999999999962,160,43,-47,79,-65,-5659
3.8599999999999617,160,43,-46,78,-65,-5676
3.8699999999999615,160,43,-45,78,-64,-5705
3.8799999999999613,160,44,-45,79,-64,-5757
3.889999999999961,160,44,-44,79,-62,-5823
3.899999999999961,160,45,-43,79,-61,-5904
3.9099999999999606,160,45,-42,80,-60,-5979
3.9199999999999604,160,45,-41,80,-59,-6045
3.92999999999996,160,45,-40,80,-58,-6098
3.93999999999996,160,45,-40,80,-57,-6139
3.9499999999999598,160,46,-40,80,-57,-6164
3.9599999999999596,160,46,-39,79,-57,-6172
3.9699999999999593,160,46,-39,79,-57,-6167
3.979999999999959,160,47,-38,79,-57,-6164
3.989999999999959,220,47,-38,78,-57,-6162
3.9999999999999587,220,47,-38,78,-57,-9757
4.009999999999959,220,47,-38,78,-57,-9749
4.019999999999959,220,47,-38,78,-57,-9734
4.0299999999999585,220,47,-38,79,-59,-9656
4.039999999999958,220,47,-38,82,-61,-9505
4.049999999999958,220,48,-39,86,-65,-9281
4.059999999999958,220,51,-41,91,-70,-8994
4.069999999999958,220,54,-45,97,-75,-8661
4.079999999999957,220,58,-50,103,-81,-8304
4.089999999999957,220,62,-55,110,-87,-7940
4.099999999999957,220,67,-61,116,-93,-7603
4.109999999999957,220,71,-68,122,-98,-7303
4.119999999999957,220,75,-74,127,-102,-7058
4.129999999999956,220,78,-79,131,-105,-6860
4.139999999999956,220,80,-84,134,-108,-6704
4.149999999999956,220,82,-87,136,-110,-6587
4.159999999999956,220,84,-90,137,-111,-6521
4.1699999999999555,220,84,-92,137,-111,-6513
4.179999999999955,220,85,-93,136,-110,-6551
4.189999999999955,220,85,-92,134,-109,-6628
4.199999999999955,220,85,-91,131,-107,-6739
4.209999999999955,220,84,-89,128,-105,-6854
4.2199999999999545,220,83,-87,125,-103,-6961
4.229999999999954,220,82,-84,122,-102,-7052
4.239999999999954,220,80,-82,120,-101,-7133
4.249999999999954,220,78,-79,117,-100,-7193
4.259999999999954,220,76,-76,116,-99,-7233
4.269999999999953,220,74,-74,115,-98,-7270
4.279999999999953,220,72,-72,114,-98,-7317
4.289999999999953,220,71,-70,114,-97,-7369
4.299999999999953,220,70,-69,114,-96,-7382
4.3099999999999525,220,69,-68,115,-96,-7383
4.319999999999952,220,69,-69,116,-96,-7389
4.329999999999952,220,70,-70,117,-96,-7387
4.339999999999952,220,70,-71,118,-96,-7380
4.349999999999952,220,71,-73,119,-96,-7386
4.3599999999999515,220,71,-75,121,-97,-7353
4.369999999999951,220,72,-77,122,-98,-7312
4.379999999999951,220,73,-79,123,-98,-7280
4.389999999999951,220,74,-81,124,-99,-7258
4.399999999999951,220,74,-83,125,-98,-7266
4.40999999999995,220,75,-84,125,-98,-7303
4.41999999999995,220,75,-85,125,-97,-7343
4.42999999999995,220,75,-86,125,-97,-7357
4.43999999999995,220,74,-87,124,-97,-7325
4.4499999999999496,220,74,-88,124,-98,-7265
4.459999999999949,220,74,-89,124,-99,-7202
4.469999999999949,220,73,-89,124,-100,-7157
4.479999999999949,220,73,-88,123,-100,-7143
4.489999999999949,220,73,-87,122,-101,-7133
4.4999999999999485,220,73,-86,121,-101,-7119
4.509999999999948,220,73,-85,121,-101,-7104
4.519999999999948,220,73,-84,120,-101,-7090
4.529999999999948,220,73,-84,120,-101,-7082
4.539999999999948,220,73,-83,120,-101,-7101
4.549999999999947,220,72,-83,120,-100,-7150
4.559999999999947,220,72,-83,120,-99,-7219
4.569999999999947,220,71,-82,120,-98,-7304
4.579999999999947,220,71,-81,120,-97,-7375
4.589999999999947,220,71,-80,120,-96,-7430
4.599999999999946,220,72,-79,120,-95,-7459
4.609999999999946,220,73,-78,120,-95,-7460
4.619999999999946,220,74,-76,120,-95,-7465
4.629999999999946,220,75,-75,119,-95,-7456
4.6399999999999455,220,76,-73,119,-96,-7431
4.649999999999945,220,77,-72,118,-96,-7392
4.659999999999945,220,78,-71,117,-97,-7333
4.669999999999945,220,80,-71,117,-98,-7279
4.679999999999945,220,81,-71,116,-99,-7233
4.689999999999944,220,82,-72,116,-100,-7180
4.699999999999944,220,83,-72,115,-101,-7136
4.709999999999944,220,84,-72,115,-101,-7095
4.719999999999944,220,85,-72,114,-102,-7043
4.729999999999944,220,85,-72,114,-103,-6998
4.739999999999943,220,84,-71,114,-104,-6954
4.749999999999943,220,84,-71,113,-104,-6921
4.759999999999943,220,84,-71,112,-104,-6915
4.769999999999943,220,84,-71,112,-104,-6918
4.7799999999999425,220,85,-71,111,-103,-6962
4.789999999999942,220,85,-71,110,-102,-7036
4.799999999999942,220,85,-70,110,-101,-7116
4.809999999999942,220,85,-69,110,-99,-7211
4.819999999999942,220,84,-68,110,-98,-7288
4.8299999999999415,220,82,-67,110,-97,-7340
4.839999999999941,220,81,-66,110,-96,-7382
4.849999999999941,220,80,-66,110,-96,-7414
4.859999999999941,220,78,-66,110,-95,-7440
4.869999999999941,220,77,-66,110,-95,-7458
4.87999999999994,220,77,-66,110,-95,-7481
4.88999999999994,220,76,-66,110,-95,-7482
4.89999999999994,220,76,-66,110,-95,-7451
4.90999999999994,220,76,-66,111,-96,-7394
4.9199999999999395,220,77,-66,111,-97,-7341
4.929999999999939,220,77,-66,112,-98,-7312
4.939999999999939,220,77,-67,112,-98,-7301
4.949999999999939,220,78,-67,112,-98,-7288
4.959999999999939,220,79,-67,112,-98,-7262
4.9699999999999385,220,80,-68,113,-99,-7222
4.979999999999938,220,81,-68,114,-100,-7164
4.989999999999938,220,82,-69,114,-101,-7106
4.999999999999938,220,82,-70,115,-102,-7069
5.009999999999938,220,83,-71,116,-102,-7041
5.019999999999937,220,84,-73,117,-102,-7029
5.029999999999937,220,85,-74,117,-102,-7025
5.039999999999937,220,85,-76,118,-103,-7003
5.049999999999937,220,85,-77,118,-103,-6964
5.0599999999999365,220,85,-77,118,-104,-6937
5.069999999999936,220,84,-78,118,-104,-6935
5.079999999999936,220,84,-78,119,-103,-6964
5.089999999999936,220,83,-77,119,-103,-7011
5.099999999999936,220,82,-77,119,-101,-7084
5.1099999999999355,220,81,-76,119,-100,-7164
5.119999999999935,220,81,-76,120,-99,-7244
5.129999999999935,220,79,-76,121,-98,-7306
5.139999999999935,220,78,-76,122,-97,-7342
5.149999999999935,220,77,-76,123,-97,-7343
5.159999999999934,220,76,-77,124,-98,-7318
5.169999999999934,220,76,-79,124,-98,-7293
5.179999999999934,220,75,-80,125,-98,-7276
5.189999999999934,220,76,-82,126,-98,-7261
5.199999999999934,220,76,-83,126,-99,-7234
5.209999999999933,220,77,-83,125,-99,-7209
5.219999999999933,220,77,-84,125,-100,-7185
5.229999999999933,220,78,-84,125,-100,-7153
5.239999999999933,220,78,-83,125,-101,-7108
5.2499999999999325,220,79,-83,125,-102,-7076
5.259999999999932,220,79,-83,125,-102,-7053
5.269999999999932,220,78,-83,126,-102,-7041
5.279999999999932,220,78,-83,126,-102,-7050
5.289999999999932,220,78,-82,126,-102,-7058
5.299999999999931,220,77,-83,126,-102,-7046
5.309999999999931,220,77,-83,126,-102,-7033
5.319999999999931,220,77,-83,126,-102,-7027
5.329999999999931,220,77,-83,125,-102,-7035
5.339999999999931,220,76,-83,125,-102,-7053
5.34999999999993,220,76,-82,124,-102,-7073
5.35999999999993,220,75,-81,124,-101,-7095
5.36999999999993,220,74,-80,124,-101,-7120
5.37999999999993,220,74,-80,123,-100,-7166
5.3899999999999295,220,74,-79,123,-99,-7244
5.399999999999929,220,74,-79,122,-97,-7335
5.409999999999929,220,74,-78,122,-96,-7419
5.419999999999929,220,74,-77,121,-95,-7477
5.429999999999929,220,74,-77,121,-94,-7518
5.4399999999999284,220,74,-77,121,-93,-7560
5.449999999999928,220,75,-77,120,-93,-7600
5.459999999999928,220,76,-78,120,-92,-7637
5.469999999999928,220,77,-79,120,-92,-7670
5.479999999999928,220,78,-79,120,-92,-7675
5.489999999999927,220,79,-79,120,-92,-7647
5.499999999999927,220,79,-78,120,-93,-7605
5.509999999999927,220,79,-77,120,-94,-7554
5.519999999999927,220,80,-77,121,-94,-7511
5.5299999999999265,220,80,-77,121,-95,-7496
5.539999999999926,220,80,-77,122,-94,-7512
5.549999999999926,220,79,-77,123,-94,-7529
5.559999999999926,220,79,-76,124,-94,-7547
5.569999999999926,220,78,-77,125,-94,-7547
5.5799999999999255,220,76,-77,125,-94,-7537
5.589999999999925,220,75,-78,126,-94,-7549
5.599999999999925,220,74,-79,126,-93,-7590
5.609999999999925,220,73,-79,126,-92,-7650
5.619999999999925,220,72,-79,126,-91,-7723
5.629999999999924,220,72,-79,126,-90,-7785
5.639999999999924,220,72,-79,125,-89,-7811
5.649999999999924,220,71,-80,125,-89,-7826
5.659999999999924,220,71,-80,124,-89,-7846
5.6699999999999235,220,72,-81,123,-88,-7861
5.679999999999923,220,72,-82,122,-88,-7871
5.689999999999923,220,72,-82,120,-88,-7894
5.699999999999923,220,72,-83,119,-87,-7924
5.709999999999923,220,71,-84,118,-87,-7948
5.7199999999999225,220,71,-85,118,-87,-7963
5.729999999999922,220,71,-85,117,-87,-7959
5.739999999999922,220,71,-86,117,-87,-7936
5.749999999999922,220,71,-87,118,-88,-7900
5.759999999999922,220,71,-87,118,-89,-7833
5.769999999999921,220,70,-87,119,-90,-7760
5.779999999999921,220,70,-87,120,-92,-7671
5.789999999999921,220,70,-86,120,-94,-7558
5.799999999999921,220,70,-86,121,-96,-7439
5.809999999999921,220,70,-86,122,-97,-7349
5.81999999999992,220,71,-85,122,-98,-7283
5.82999999999992,220,71,-84,123,-99,-7229
5.83999999999992,220,71,-83,123,-100,-7191
5.84999999999992,220,71,-83,123,-100,-7169
5.8599999999999195,220,71,-82,124,-100,-7145
5.869999999999919,220,72,-82,125,-101,-7127
5.879999999999919,220,73,-82,126,-101,-7134
5.889999999999919,220,74,-82,127,-100,-7155
5.899999999999919,220,74,-82,128,-100,-7185
5.909999999999918,220,75,-82,128,-99,-7207
5.919999999999918,220,76,-82,129,-99,-7204
5.929999999999918,220,77,-82,129,-100,-7171
5.939999999999918,220,78,-83,129,-101,-7129
5.949999999999918,220,79,-83,129,-101,-7091
5.959999999999917,220,79,-84,128,-102,-7070
5.969999999999917,220,79,-84,127,-102,-7068
5.979999999999917,220,79,-85,126,-102,-7071
5.989999999999917,280,78,-85,125,-101,-7081
5.9999999999999165,280,78,-85,123,-101,-10000
6.009999999999916,280,78,-85,122,-101,-10000
6.019999999999916,280,77,-84,121,-101,-10000
6.029999999999916,280,76,-84,120,-102,-10000
6.039999999999916,280,76,-84,121,-103,-10000
6.0499999999999154,280,76,-84,122,-104,-10000
6.059999999999915,280,77,-85,124,-106,-10000
6.069999999999915,280,78,-86,127,-108,-10000
6.079999999999915,280,80,-88,130,-111,-10000
6.089999999999915,280,82,-91,133,-114,-9948
6.099999999999914,280,84,-93,136,-117,-9771
6.109999999999914,280,85,-95,138,-120,-9593
6.119999999999914,280,87,-97,140,-122,-9437
6.129999999999914,280,89,-99,143,-125,-9273
6.1399999999999135,280,92,-101,145,-128,-9116
6.149999999999913,280,95,-102,146,-129,-9009
6.159999999999913,280,98,-103,147,-131,-8927
6.169999999999913,280,101,-104,148,-132,-8852
6.179999999999913,280,104,-105,148,-133,-8808
6.1899999999999125,280,106,-106,148,-133,-8783
6.199999999999912,280,107,-107,149,-134,-8741
6.209999999999912,280,108,-107,149,-134,-8709
6.219999999999912,280,108,-106,149,-134,-8705
6.229999999999912,280,108,-106,149,-134,-8715
6.239999999999911,280,108,-106,149,-134,-8746
6.249999999999911,280,108,-106,149,-133,-8792
6.259999999999911,280,109,-106,149,-132,-8841
6.269999999999911,280,109,-105,149,-132,-8870
6.2799999999999105,280,109,-105,150,-132,-8877
6.28999999999991,280,108,-105,150,-132,-8869
6.29999999999991,280,107,-105,150,-132,-8861
6.30999999999991,280,107,-104,149,-132,-8870
6.31999999999991,280,106,-105,149,-131,-8892
6.3299999999999095,280,106,-105,149,-131,-8939
6.339999999999909,280,107,-104,149,-130,-8988
6.349999999999909,280,107,-104,148,-129,-9013
6.359999999999909,280,108,-104,148,-130,-8992
6.369999999999909,280,108,-103,148,-130,-8957
6.379999999999908,280,108,-104,148,-131,-8901
6.389999999999908,280,109,-104,148,-132,-8843
6.399999999999908,280,110,-104,148,-133,-8801
6.409999999999908,280,111,-104,148,-133,-8772
6.419999999999908,280,112,-103,147,-134,-8749
6.429999999999907,280,112,-103,147,-134,-8727
6.439999999999907,280,111,-102,147,-134,-8703
6.449999999999907,280,111,-102,147,-135,-8689
6.459999999999907,280,111,-103,147,-135,-8692
6.4699999999999065,280,111,-103,148,-134,-8706
6.479999999999906,280,110,-103,148,-134,-8739
6.489999999999906,280,110,-104,148,-133,-8787
6.499999999999906,280,110,-104,147,-132,-8833
6.509999999999906,280,111,-104,147,-132,-8868
6.519999999999905,280,112,-104,147,-131,-8895
6.529999999999905,280,112,-104,146,-131,-8924
6.539999999999905,280,112,-104,145,-130,-8940
6.549999999999905,280,112,-103,144,-130,-8973
6.559999999999905,280,112,-104,144,-129,-9010
6.569999999999904,280,113,-104,144,-129,-9046
6.579999999999904,280,114,-104,143,-128,-9067
6.589999999999904,280,115,-104,143,-128,-9079
6.599999999999904,280,115,-104,143,-128,-9081
6.6099999999999035,280,115,-105,143,-128,-9060
6.619999999999903,280,115,-105,142,-129,-9021
6.629999999999903,280,115,-105,143,-130,-8969
6.639999999999903,280,114,-106,143,-131,-8913
6.649999999999903,280,114,-107,144,-132,-8855
6.659999999999902,280,113,-107,145,-132,-8843
6.669999999999902,280,112,-107,145,-132,-8854
6.679999999999902,280,112,-106,146,-132,-8869
6.689999999999902,280,112,-106,147,-132,-8850
6.699999999999902,280,112,-105,148,-132,-8822
6.709999999999901,280,112,-105,149,-133,-8789
6.719999999999901,280,112,-104,151,-134,-8736
6.729999999999901,280,111,-104,152,-135,-8696
6.739999999999901,280,111,-104,153,-135,-8698
6.7499999999999005,280,111,-104,154,-135,-8694
6.7599999999999,280,111,-104,154,-135,-8694
6.7699999999999,280,111,-104,155,-134,-8713
6.7799999999999,280,111,-105,155,-134,-8723
6.7899999999999,280,111,-106,155,-134,-8710
6.7999999999998995,280,111,-106,155,-134,-8701
6.809999999999899,280,110,-107,155,-134,-8705
6.819999999999899,280,111,-107,155,-134,-8700
6.829999999999899,280,111,-107,155,-134,-8704
6.839999999999899,280,113,-107,155,-134,-8704
6.849999999999898,280,114,-107,154,-134,-8706
6.859999999999898,280,115,-107,154,-134,-8719
6.869999999999898,280,115,-106,153,-134,-8729
6.879999999999898,280,115,-106,153,-134,-8751
6.8899999999998975,280,115,-106,152,-133,-8761
6.899999999999897,280,114,-106,152,-133,-8771
6.909999999999897,280,114,-107,152,-133,-8794
6.919999999999897,280,113,-108,152,-132,-8848
6.929999999999897,280,112,-108,152,-131,-8906
6.9399999999998965,280,111,-108,152,-130,-8973
6.949999999999896,280,111,-109,152,-129,-9044
6.959999999999896,280,110,-109,152,-127,-9128
6.969999999999896,280,109,-109,152,-127,-9175
6.979999999999896,280,108,-109,152,-126,-9203
6.989999999999895,280,107,-110,152,-126,-9222
6.999999999999895,280,107,-111,152,-126,-9236
7.009999999999895,280,107,-112,152,-125,-9257
7.019999999999895,280,107,-113,152,-125,-9294
7.0299999999998946,280,108,-114,152,-124,-9332
7.039999999999894,280,110,-115,152,-124,-9357
7.049999999999894,280,111,-116,153,-123,-9369
7.059999999999894,280,112,-117,153,-123,-9369
7.069999999999894,280,112,-118,154,-124,-9348
7.0799999999998935,280,112,-118,154,-124,-9328
7.089999999999893,280,112,-119,154,-124,-9312
7.099999999999893,280,112,-118,154,-125,-9298
7.109999999999893,280,112,-118,154,-125,-9278
7.119999999999893,280,110,-116,155,-125,-9243
7.129999999999892,280,109,-115,154,-126,-9205
7.139999999999892,280,107,-114,155,-127,-9169
7.149999999999892,280,106,-113,155,-127,-9131
7.159999999999892,280,105,-112,155,-128,-9104
7.169999999999892,280,104,-111,156,-128,-9086
7.179999999999891,280,103,-109,156,-128,-9061
7.189999999999891,280,103,-108,156,-129,-9027
7.199999999999891,280,102,-107,156,-130,-8989
7.209999999999891,280,102,-105,156,-130,-8960
7.2199999999998905,280,102,-105,156,-131,-8936
7.22999999999989,280,102,-104,156,-131,-8909
7.23999999999989,280,103,-102,155,-131,-8894
7.24999999999989,280,104,-101,155,-131,-8901
7.25999999999989,280,105,-101,154,-131,-8918
7.269999999999889,280,106,-100,153,-131,-8937
7.279999999999889,280,107,-100,152,-131,-8934
7.289999999999889,280,107,-100,152,-131,-8901
7.299999999999889,280,108,-100,151,-132,-8855
7.309999999999889,280,109,-101,151,-132,-8829
7.319999999999888,280,110,-102,151,-132,-8823
7.329999999999888,280,111,-103,150,-132,-8851
7.339999999999888,280,112,-104,150,-131,-8899
7.349999999999888,280,113,-105,150,-130,-8942
7.3599999999998875,280,113,-105,150,-130,-8951
7.369999999999887,280,113,-105,151,-131,-8939
7.379999999999887,280,112,-105,152,-131,-8903
7.389999999999887,280,112,-105,153,-132,-8861
7.399999999999887,280,111,-104,153,-132,-8851
7.4099999999998865,280,110,-105,154,-132,-8874
7.419999999999886,280,109,-105,154,-131,-8915
7.429999999999886,280,109,-104,155,-130,-8974
7.439999999999886,280,109,-104,155,-129,-9043
7.449999999999886,280,108,-104,155,-128,-9114
7.459999999999885,280,108,-103,156,-127,-9164
7.469999999999885,280,108,-104,157,-126,-9197
7.479999999999885,280,108,-104,157,-126,-9238
7.489999999999885,280,108,-105,158,-125,-9283
7.4999999999998845,280,108,-106,159,-124,-9316
7.509999999999884,280,108,-106,160,-124,-9354
7.519999999999884,280,108,-106,160,-123,-9362
7.529999999999884,280,108,-107,160,-124,-9347
7.539999999999884,280,107,-107,161,-124,-9323
7.5499999999998835,280,107,-108,160,-124,-9324
7.559999999999883,280,107,-109,160,-124,-9329
7.569999999999883,280,107,-110,160,-124,-9344
7.579999999999883,280,107,-110,159,-123,-9369
7.589999999999883,280,107,-111,158,-123,-9386
7.599999999999882,280,106,-112,158,-124,-9357
7.609999999999882,280,106,-113,158,-124,-9305
7.619999999999882,280,105,-114,157,-126,-9236
7.629999999999882,280,105,-115,157,-127,-9166
7.6399999999998816,280,104,-116,157,-128,-9115
7.649999999999881,280,104,-117,157,-128,-9085
7.659999999999881,280,103,-117,156,-128,-9073
7.669999999999881,280,103,-116,156,-128,-9067
7.679999999999881,280,103,-115,156,-129,-9048
7.6899999999998805,280,103,-113,156,-129,-9012
7.69999999999988,280,103,-112,156,-130,-8968
7.70999999999988,280,104,-111,156,-131,-8914
7.71999999999988,280,104,-110,156,-132,-8842
7.72999999999988,280,104,-108,156,-133,-8762
7.739999999999879,280,104,-107,156,-135,-8681
7.749999999999879,280,103,-106,156,-136,-8604
7.759999999999879,280,103,-106,156,-137,-8540
7.769999999999879,280,104,-105,157,-138,-8508
7.779999999999879,280,104,-104,157,-138,-8505
7.789999999999878,280,105,-103,157,-138,-8500
7.799999999999878,280,106,-101,157,-138,-8485
7.809999999999878,280,106,-100,157,-138,-8473
7.819999999999878,280,107,-100,158,-139,-8456
7.8299999999998775,280,107,-100,158,-139,-8436
7.839999999999877,280,108,-99,158,-139,-8441
7.849999999999877,280,109,-99,158,-138,-8492
7.859999999999877,280,109,-98,158,-137,-8549
7.869999999999877,280,110,-97,157,-136,-8591
7.879999999999876,280,110,-96,156,-135,-8650
7.889999999999876,280,110,-95,156,-134,-8714
7.899999999999876,280,111,-94,155,-133,-8783
7.909999999999876,280,111,-93,155,-132,-8854
7.919999999999876,280,112,-92,154,-130,-8953
7.929999999999875,280,112,-91,154,-128,-9060
7.939999999999875,280,112,-90,153,-127,-9161
7.949999999999875,280,112,-89,152,-125,-9244
7.959999999999875,280,111,-88,152,-124,-9305
7.9699999999998745,280,111,-88,152,-124,-9337
7.979999999999874,280,112,-88,152,-124,-9347
