t,i1,i2,i3,i4,i5,i6,i7,i8
0.0,150,150,0,0,0,0,-0.0,0
0.01,150,150,0,0,0,0,0.1,0
0.02,150,150,0,0,0,0,-2.3,0
0.03,150,150,0,5,0,0,-7.6,0
0.04,150,150,3,13,3,3,-5.2,0
0.05,150,150,10,23,9,8,2.8,0
0.060000000000000005,150,150,17,33,16,15,1.8,0
0.07,150,150,24,42,25,21,5.8,0
0.08,150,150,31,50,35,28,8.0,0
0.09,150,150,37,55,45,34,-5.1,0
0.09999999999999999,150,150,41,58,54,40,-8.2,0
0.10999999999999999,150,150,45,59,62,46,-6.3,0
0.11999999999999998,150,150,48,59,70,52,-4.2,0
0.12999999999999998,150,150,52,59,76,58,-2.8,0
0.13999999999999999,150,150,57,61,80,64,3.1,0
0.15,150,150,64,64,84,70,4.0,0
0.16,150,150,71,69,87,75,0.2,0
0.17,150,150,79,75,90,81,-3.7,0
0.18000000000000002,150,150,85,82,92,86,1.2,0
0.19000000000000003,150,150,91,88,94,90,4.8,0
0.20000000000000004,150,150,96,94,97,93,4.5,0
0.21000000000000005,150,150,100,99,99,97,1.8,0
0.22000000000000006,150,150,103,104,102,100,3.5,0
0.23000000000000007,150,150,106,107,104,104,1.1,0
0.24000000000000007,150,150,108,110,107,107,-3.6,0
0.25000000000000006,150,150,111,113,110,111,-3.2,0
0.26000000000000006,150,150,114,115,113,115,-2.0,0
0.2700000000000001,150,150,117,118,116,118,-0.8,0
0.2800000000000001,150,150,120,120,119,121,-0.0,0
0.2900000000000001,150,150,123,123,122,124,1.3,0
0.3000000000000001,150,150,125,126,125,126,0.5,0
0.3100000000000001,150,150,128,128,127,128,-0.1,0
0.3200000000000001,150,150,131,131,128,130,0.9,0
0.3300000000000001,150,150,133,133,130,132,-0.0,0
0.34000000000000014,150,150,135,135,132,133,0.9,0
0.35000000000000014,150,150,138,137,133,135,-0.9,0
0.36000000000000015,150,150,140,138,134,137,-1.6,0
0.37000000000000016,150,150,142,140,136,139,-1.8,0
0.38000000000000017,150,150,143,141,138,140,-2.7,0
0.3900000000000002,150,150,144,142,140,142,-2.3,0
0.4000000000000002,150,150,145,143,141,143,-0.7,0
0.4100000000000002,150,150,146,145,143,144,-2.0,0
0.4200000000000002,150,150,146,146,145,145,1.0,0
0.4300000000000002,150,150,147,147,146,147,3.9,0
0.4400000000000002,150,150,148,149,147,148,0.3,0
0.45000000000000023,150,150,148,150,148,148,-1.2,0
0.46000000000000024,150,150,149,151,148,149,-1.5,0
0.47000000000000025,150,150,149,152,149,150,2.5,0
0.48000000000000026,150,150,150,153,149,150,3.1,0
0.49000000000000027,150,150,151,153,150,151,0.1,0
0.5000000000000002,150,150,152,154,150,152,0.3,0
0.5100000000000002,150,150,153,154,151,152,-0.5,0
0.5200000000000002,150,150,154,155,152,153,0.1,0
0.5300000000000002,150,150,154,155,152,153,0.2,0
0.5400000000000003,150,150,154,155,153,154,2.3,0
0.5500000000000003,150,150,154,155,154,154,2.8,0
0.5600000000000003,150,150,155,155,155,155,1.5,0
0.5700000000000003,150,150,154,155,155,155,-1.4,0
0.5800000000000003,150,150,154,155,156,155,-0.8,0
0.5900000000000003,150,150,153,156,156,155,0.9,0
0.6000000000000003,150,150,153,156,156,155,1.7,0
0.6100000000000003,150,150,153,157,156,155,-0.3,0
0.6200000000000003,150,150,153,157,156,155,-2.8,0
0.6300000000000003,150,150,154,157,156,156,-3.6,0
0.6400000000000003,150,150,155,158,155,156,1.7,0
0.6500000000000004,150,150,156,158,155,156,3.0,0
0.6600000000000004,150,150,157,158,156,156,5.5,0
0.6700000000000004,150,150,157,158,156,155,3.0,0
0.6800000000000004,150,150,158,158,156,155,-0.7,0
0.6900000000000004,150,150,158,157,156,155,0.6,0
0.7000000000000004,150,150,158,157,156,156,-1.8,0
0.7100000000000004,150,150,157,157,156,156,-2.4,0
0.7200000000000004,150,150,157,157,156,156,-1.6,0
0.7300000000000004,150,150,156,157,156,156,-3.5,0
0.7400000000000004,150,150,156,157,156,156,3.1,0
0.7500000000000004,150,150,156,158,156,156,6.2,0
0.7600000000000005,150,150,156,158,156,156,2.3,0
0.7700000000000005,150,150,156,159,156,156,-1.8,0
0.7800000000000005,150,150,156,159,156,156,-2.7,0
0.7900000000000005,150,150,156,160,156,156,2.3,0
0.8000000000000005,150,150,156,160,155,156,-0.7,0
0.8100000000000005,150,150,157,160,155,156,-0.0,0
0.8200000000000005,150,150,157,159,154,156,-1.1,0
0.8300000000000005,150,150,158,159,154,156,1.7,0
0.8400000000000005,150,150,158,159,154,156,2.9,0
0.8500000000000005,150,150,158,158,154,156,2.7,0
0.8600000000000005,150,150,157,158,155,156,6.0,0
0.8700000000000006,150,150,157,158,155,156,3.4,0
0.8800000000000006,150,150,156,158,155,156,-3.1,0
0.8900000000000006,150,150,155,158,155,156,-4.1,0
0.9000000000000006,150,150,154,158,156,156,-0.7,0
0.9100000000000006,150,150,154,158,155,156,2.6,0
0.9200000000000006,150,150,154,158,155,155,7.6,0
0.9300000000000006,150,150,154,158,155,155,4.7,0
0.9400000000000006,150,150,155,158,155,154,0.5,0
0.9500000000000006,150,150,155,157,154,154,-0.7,0
0.9600000000000006,150,150,155,157,154,154,-0.2,0
0.9700000000000006,150,150,154,156,154,154,3.9,0
0.9800000000000006,150,150,154,156,153,154,5.0,0
0.9900000000000007,150,150,154,155,153,154,1.5,0
1.0000000000000007,150,150,154,155,153,154,-2.6,0
1.0100000000000007,150,150,154,154,152,154,-1.8,0
1.0200000000000007,150,150,153,154,152,154,-3.2,0
1.0300000000000007,150,150,153,153,152,154,-2.1,0
1.0400000000000007,150,150,153,153,152,154,-2.4,0
1.0500000000000007,150,150,152,153,152,153,3.5,0
1.0600000000000007,150,150,152,152,152,153,4.0,0
1.0700000000000007,150,150,152,152,152,153,4.5,0
1.0800000000000007,150,150,152,152,152,152,4.3,0
1.0900000000000007,150,150,152,153,152,152,-2.2,0
1.1000000000000008,150,150,152,153,151,152,-5.6,0
1.1100000000000008,150,150,152,153,151,152,2.8,0
1.1200000000000008,150,150,152,153,151,152,7.5,0
1.1300000000000008,150,150,153,153,150,151,5.9,0
1.1400000000000008,150,150,153,153,150,151,-3.7,0
1.1500000000000008,150,150,154,153,150,152,-4.3,0
1.1600000000000008,150,150,153,153,150,152,1.5,0
1.1700000000000008,150,150,153,153,150,152,2.8,0
1.1800000000000008,150,150,152,152,150,152,3.0,0
1.1900000000000008,150,150,151,152,151,153,1.8,0
1.2000000000000008,150,150,150,151,151,153,2.1,0
1.2100000000000009,150,150,149,151,151,153,0.7,0
1.2200000000000009,150,150,149,151,151,153,0.6,0
1.2300000000000009,150,150,148,151,151,152,3.3,0
1.2400000000000009,150,150,148,151,151,152,3.5,0
1.2500000000000009,150,150,148,151,151,152,-0.2,0
1.260000000000001,150,150,148,152,150,151,1.0,0
1.270000000000001,150,150,148,152,150,151,0.9,0
1.280000000000001,150,150,149,152,149,150,0.7,0
1.290000000000001,150,150,150,152,149,150,0.3,0
1.300000000000001,150,150,150,152,149,150,0.3,0
1.310000000000001,150,150,151,152,148,150,1.6,0
1.320000000000001,150,150,151,151,148,150,-0.4,0
1.330000000000001,150,150,151,151,148,150,-1.1,0
1.340000000000001,150,150,151,151,149,150,0.2,0
1.350000000000001,150,150,151,150,150,150,1.5,0
1.360000000000001,150,150,150,150,150,150,0.9,0
1.370000000000001,150,150,149,150,150,151,-2.7,0
1.380000000000001,150,150,149,150,151,151,0.3,0
1.390000000000001,150,150,148,150,151,151,2.1,0
1.400000000000001,150,150,148,149,150,150,3.5,0
1.410000000000001,150,150,149,149,150,150,-0.2,0
1.420000000000001,150,150,149,149,150,149,1.4,0
1.430000000000001,150,150,149,149,149,149,6.7,0
1.440000000000001,150,150,150,149,148,149,4.8,0
1.450000000000001,150,150,150,149,147,149,1.0,0
1.460000000000001,150,150,151,149,147,149,-5.0,0
1.470000000000001,150,150,151,150,147,149,-5.6,0
1.480000000000001,150,150,150,150,147,149,-3.8,0
1.490000000000001,150,150,150,150,147,150,-2.0,0
1.500000000000001,150,150,150,149,147,150,0.2,0
1.5100000000000011,150,150,150,149,147,150,-2.9,0
1.5200000000000011,150,150,150,148,148,149,-6.8,0
1.5300000000000011,150,150,149,148,149,149,-3.0,0
1.5400000000000011,150,150,149,148,149,148,-0.9,0
1.5500000000000012,150,150,149,148,149,148,-1.5,0
1.5600000000000012,150,150,148,148,149,148,1.5,0
1.5700000000000012,150,150,148,148,149,147,-0.6,0
1.5800000000000012,150,150,148,148,149,147,1.1,0
1.5900000000000012,150,150,149,149,149,147,-1.4,0
1.6000000000000012,150,150,149,149,149,148,-1.7,0
1.6100000000000012,150,150,150,149,149,148,3.2,0
1.6200000000000012,150,150,150,149,148,148,0.5,0
1.6300000000000012,150,150,150,149,148,148,-0.6,0
1.6400000000000012,150,150,150,149,149,149,3.0,0
1.6500000000000012,150,150,150,149,149,149,-0.6,0
1.6600000000000013,150,150,150,149,149,149,1.5,0
1.6700000000000013,150,150,150,150,149,150,3.4,0
1.6800000000000013,150,150,149,150,150,150,2.6,0
1.6900000000000013,150,150,149,151,150,150,-0.2,0
1.7000000000000013,150,150,149,151,150,150,-2.2,0
1.7100000000000013,150,150,148,151,150,150,-0.6,0
1.7200000000000013,150,150,148,151,150,150,-1.2,0
1.7300000000000013,150,150,148,151,150,149,3.3,0
1.7400000000000013,150,150,149,151,149,149,3.8,0
1.7500000000000013,150,150,149,151,149,149,1.9,0
1.7600000000000013,150,150,149,151,148,149,2.2,0
1.7700000000000014,150,150,149,151,147,149,0.6,0
1.7800000000000014,150,150,150,151,147,149,0.7,0
1.7900000000000014,150,150,151,151,147,149,0.2,0
1.8000000000000014,150,150,151,151,147,149,3.5,0
1.8100000000000014,150,150,152,151,148,149,4.1,0
1.8200000000000014,150,150,152,151,149,150,5.3,0
1.8300000000000014,150,150,151,151,149,150,5.7,0
1.8400000000000014,150,150,150,151,150,150,0.8,0
1.8500000000000014,150,150,148,150,150,150,1.2,0
1.8600000000000014,150,150,147,150,149,150,2.2,0
1.8700000000000014,150,150,146,150,149,150,2.3,0
1.8800000000000014,150,150,145,150,148,150,5.6,0
1.8900000000000015,150,150,145,150,148,150,2.4,1
1.9000000000000015,150,150,146,151,148,150,-1.2,0
1.9100000000000015,150,150,147,151,147,150,4.6,1
1.9200000000000015,150,150,148,151,147,150,4.9,1
1.9300000000000015,150,150,148,152,147,150,2.5,1
1.9400000000000015,150,150,149,152,147,150,0.9,1
1.9500000000000015,150,150,150,152,148,151,-3.9,1
1.9600000000000015,150,150,150,152,148,151,1.1,1
1.9700000000000015,150,150,151,152,148,152,2.1,1
1.9800000000000015,150,150,151,152,148,152,-0.5,1
1.9900000000000015,150,150,151,151,149,152,-0.3,1
2.0000000000000013,150,150,151,151,149,152,1.1,1
2.010000000000001,150,150,150,151,150,152,4.1,1
2.020000000000001,150,150,150,151,150,152,5.4,1
2.0300000000000007,150,150,149,152,150,151,2.0,1
2.0400000000000005,150,150,149,152,151,151,2.2,1
2.0500000000000003,150,150,149,152,151,151,-3.1,1
2.06,150,150,149,153,151,151,-1.6,1
2.07,150,150,149,153,150,151,3.1,1
2.0799999999999996,150,150,150,154,150,151,-0.3,1
2.0899999999999994,150,150,151,154,150,151,1.1,1
2.099999999999999,150,150,152,154,150,151,0.5,1
2.109999999999999,150,150,153,153,150,151,-0.5,1
2.1199999999999988,150,150,153,153,151,152,-1.1,1
2.1299999999999986,150,150,153,152,151,152,-0.3,1
2.1399999999999983,150,150,152,152,151,152,1.2,1
2.149999999999998,150,150,151,151,151,151,3.1,1
2.159999999999998,150,150,151,151,152,151,2.0,1
2.1699999999999977,150,150,150,150,152,151,0.2,1
2.1799999999999975,150,150,150,150,151,150,-1.9,1
2.1899999999999973,150,150,150,150,151,150,1.6,1
2.199999999999997,150,150,150,151,151,150,1.9,1
2.209999999999997,150,150,150,151,150,150,1.3,1
2.2199999999999966,150,150,150,151,150,150,0.7,1
2.2299999999999964,150,150,150,152,149,150,0.4,1
2.239999999999996,150,150,151,152,149,151,-0.2,1
2.249999999999996,150,150,151,152,149,151,1.7,1
2.259999999999996,150,150,152,152,149,151,2.9,1
2.2699999999999956,150,150,153,152,149,152,1.7,1
2.2799999999999954,150,150,153,152,149,152,-0.0,1
2.289999999999995,150,150,153,152,149,152,-1.6,1
2.299999999999995,150,150,153,152,149,152,3.6,1
2.3099999999999947,150,150,152,152,150,152,2.7,1
2.3199999999999945,150,150,152,152,150,152,0.2,1
2.3299999999999943,150,150,151,152,150,152,0.9,1
2.339999999999994,150,150,150,152,151,152,-1.1,1
2.349999999999994,150,150,150,152,151,152,-0.4,1
2.3599999999999937,150,150,150,152,151,152,-0.9,1
2.3699999999999934,150,150,150,152,150,151,-1.1,1
2.3799999999999932,150,150,150,152,150,151,1.6,1
2.389999999999993,150,150,151,153,150,151,3.0,1
2.399999999999993,150,150,152,153,150,151,-1.0,1
2.4099999999999926,150,150,153,154,150,152,-2.9,1
2.4199999999999924,150,150,153,154,150,152,-4.7,1
2.429999999999992,150,150,154,155,150,152,0.2,1
2.439999999999992,150,150,154,155,151,152,5.2,1
2.4499999999999917,150,150,154,154,151,153,1.9,1
2.4599999999999915,150,150,153,154,152,153,0.4,1
2.4699999999999913,150,150,153,153,152,153,-3.1,1
2.479999999999991,150,150,152,152,153,152,-4.2,1
2.489999999999991,150,150,151,152,153,152,-3.7,1
2.4999999999999907,150,150,150,151,153,152,-2.5,1
2.5099999999999905,150,150,150,151,152,152,1.9,1
2.5199999999999902,150,150,150,151,152,152,1.2,1
2.52999999999999,150,150,150,151,152,151,2.1,1
2.53999999999999,150,150,150,151,151,150,0.2,1
2.5499999999999896,150,150,151,151,151,150,-1.9,1
2.5599999999999894,150,150,151,151,150,149,-1.7,1
2.569999999999989,150,150,152,151,150,149,1.2,1
2.579999999999989,150,150,152,151,149,149,3.4,1
2.5899999999999888,150,150,153,151,149,149,3.8,1
2.5999999999999885,150,150,153,151,149,150,1.7,1
2.6099999999999883,150,150,153,151,149,150,-1.8,1
2.619999999999988,150,150,152,151,150,151,1.5,1
2.629999999999988,150,150,152,151,150,151,2.6,1
2.6399999999999877,150,150,151,151,150,151,1.3,1
2.6499999999999875,150,150,150,151,150,151,-1.3,1
2.6599999999999873,150,150,150,151,150,151,-0.3,1
2.669999999999987,150,150,149,151,150,151,-2.2,1
2.679999999999987,150,150,150,151,150,151,-3.3,1
2.6899999999999866,150,150,150,152,150,151,-2.5,1
2.6999999999999864,150,150,151,152,150,151,-3.1,1
2.709999999999986,150,150,151,153,151,151,-0.8,1
2.719999999999986,150,150,152,153,151,151,-0.4,1
2.7299999999999858,150,150,153,153,151,151,1.9,1
2.7399999999999856,150,150,153,153,152,151,-0.0,1
2.7499999999999853,150,150,154,153,152,151,2.6,1
2.759999999999985,150,150,154,153,152,152,5.5,1
2.769999999999985,150,150,154,153,152,152,4.8,1
2.7799999999999847,150,150,153,152,153,153,3.4,1
2.7899999999999845,150,150,152,152,153,153,3.5,1
2.7999999999999843,150,150,151,152,153,153,1.9,1
2.809999999999984,150,150,150,152,153,153,0.7,1
2.819999999999984,150,150,149,152,152,153,-1.2,1
2.8299999999999836,150,150,149,153,152,152,-0.9,1
2.8399999999999834,150,150,149,153,152,152,-2.4,1
2.849999999999983,150,150,150,153,151,151,-4.2,1
2.859999999999983,150,150,150,153,151,151,0.2,1
2.869999999999983,150,150,151,153,151,150,1.8,1
2.8799999999999826,150,150,152,153,151,150,3.9,1
2.8899999999999824,150,150,152,152,151,150,1.3,1
2.899999999999982,150,150,152,152,151,150,-1.7,1
2.909999999999982,150,150,152,151,151,151,-2.0,1
2.9199999999999817,150,150,153,151,151,151,-1.5,1
2.9299999999999815,150,150,152,151,151,151,-4.1,1
2.9399999999999813,150,150,152,150,151,152,-0.5,1
2.949999999999981,150,150,152,150,151,152,2.1,1
2.959999999999981,150,150,152,150,151,152,1.5,1
2.9699999999999807,150,150,152,150,151,152,1.5,1
2.9799999999999804,150,150,152,150,151,152,0.8,1
2.9899999999999802,150,150,151,150,151,151,-0.8,1
2.99999999999998,150,150,151,151,151,151,1.1,1
3.00999999999998,150,150,151,151,151,151,1.7,1
3.0199999999999796,150,150,150,151,150,151,0.8,1
3.0299999999999794,150,150,151,152,150,151,1.8,1
3.039999999999979,150,150,151,152,150,151,1.7,1
3.049999999999979,150,150,152,152,149,151,0.8,1
3.0599999999999787,150,150,153,153,149,151,-0.4,1
3.0699999999999785,150,150,154,153,150,152,-2.3,1
3.0799999999999783,150,150,154,153,150,152,-2.6,1
3.089999999999978,150,150,154,153,150,153,-2.3,1
3.099999999999978,150,150,154,152,150,153,-3.2,1
3.1099999999999777,150,150,154,152,151,153,-2.6,1
3.1199999999999775,150,150,153,152,151,153,0.0,1
3.1299999999999772,150,150,153,152,152,153,1.2,1
3.139999999999977,150,150,152,152,152,153,3.2,1
3.149999999999977,150,150,152,152,152,153,2.2,1
3.1599999999999766,150,150,152,152,152,153,-2.0,1
3.1699999999999764,150,150,152,153,152,153,-4.4,1
3.179999999999976,150,150,152,153,152,153,-1.8,1
3.189999999999976,150,150,153,154,151,153,1.6,1
3.1999999999999758,150,150,153,154,151,153,3.8,1
3.2099999999999755,150,150,154,154,151,153,2.3,1
3.2199999999999753,150,150,155,155,151,153,-3.2,1
3.229999999999975,150,150,155,155,151,153,-4.8,1
3.239999999999975,150,150,155,154,151,153,-1.4,1
3.2499999999999747,150,150,155,154,151,153,-1.6,1
3.2599999999999745,150,150,155,153,152,153,-3.3,1
3.2699999999999743,150,150,154,152,152,153,-1.4,1
3.279999999999974,150,150,153,151,152,153,-2.6,1
3.289999999999974,150,150,152,151,153,152,-3.2,1
3.2999999999999736,150,150,152,150,152,152,-4.5,1
3.3099999999999734,150,150,151,150,152,151,-3.4,1
3.319999999999973,150,150,151,149,152,151,-1.3,1
3.329999999999973,150,150,151,150,152,150,1.6,1
3.3399999999999728,150,150,151,150,151,150,4.2,1
3.3499999999999726,150,150,152,150,151,150,2.4,1
3.3599999999999723,150,150,152,150,151,150,1.8,1
3.369999999999972,150,150,153,151,151,150,-1.6,1
3.379999999999972,150,150,153,151,151,150,-3.8,1
3.3899999999999717,150,150,153,151,150,150,-0.6,1
3.3999999999999715,150,150,153,151,150,151,0.9,1
3.4099999999999713,150,150,152,151,150,151,3.3,1
3.419999999999971,150,150,152,150,150,151,1.5,1
3.429999999999971,150,150,152,150,150,151,-0.6,1
3.4399999999999706,150,150,152,150,150,151,-1.5,1
3.4499999999999704,150,150,151,150,150,151,-0.8,1
3.45999999999997,150,150,150,150,150,151,0.6,1
3.46999999999997,150,150,150,150,150,151,1.0,1
3.47999999999997,150,150,149,151,150,151,2.5,1
3.4899999999999696,150,150,149,151,149,151,3.0,1
3.4999999999999694,150,150,149,152,149,151,0.9,1
3.509999999999969,150,150,149,152,148,150,0.5,1
3.519999999999969,150,150,149,152,148,150,-1.6,1
3.5299999999999687,150,150,150,152,148,150,-2.6,1
3.5399999999999685,150,150,151,152,148,151,2.6,1
3.5499999999999683,150,150,152,152,148,151,2.3,1
3.559999999999968,150,150,152,151,148,151,0.2,1
3.569999999999968,150,150,152,151,149,151,0.2,1
3.5799999999999677,150,150,151,151,149,151,-1.3,1
3.5899999999999674,150,150,150,150,149,151,-0.2,1
3.5999999999999672,150,150,149,150,149,151,2.6,1
3.609999999999967,150,150,148,149,149,150,3.8,1
3.619999999999967,150,150,147,149,149,150,0.2,1
3.6299999999999666,150,150,147,149,149,149,-0.6,1
3.6399999999999664,150,150,146,149,148,149,-1.9,1
3.649999999999966,150,150,146,149,148,148,-0.1,1
3.659999999999966,150,150,146,149,148,148,-0.1,1
3.6699999999999657,150,150,147,149,147,147,0.1,1
3.6799999999999655,150,150,147,149,147,147,2.7,1
3.6899999999999653,150,150,148,149,147,147,5.0,1
3.699999999999965,150,150,149,149,147,146,1.8,1
3.709999999999965,150,150,149,148,147,146,-0.9,1
3.7199999999999647,150,150,149,148,147,147,0.2,1
3.7299999999999645,150,150,149,148,147,147,-2.2,1
3.7399999999999642,150,150,149,148,148,147,-1.1,1
3.749999999999964,150,150,149,147,148,147,0.2,1
3.759999999999964,150,150,149,147,148,148,0.1,1
3.7699999999999636,150,150,148,147,148,148,0.3,1
3.7799999999999634,150,150,148,147,148,148,-1.3,1
3.789999999999963,150,150,148,148,148,148,1.1,1
3.799999999999963,150,150,148,148,148,148,-0.3,1
3.8099999999999627,150,150,148,148,148,148,-2.5,1
3.8199999999999625,150,150,148,149,148,149,0.1,1
3.8299999999999623,150,150,148,149,148,149,2.7,1
3.839999999999962,150,150,149,149,147,149,1.3,1
3.849999999999962,150,150,149,149,147,149,-0.5,1
3.8599999999999617,150,150,150,149,147,149,0.9,1
3.8699999999999615,150,150,150,149,147,149,0.6,1
3.8799999999999613,150,150,150,149,147,149,-1.7,1
3.889999999999961,150,150,150,149,147,149,0.6,1
3.899999999999961,150,150,150,149,147,149,1.8,1
3.9099999999999606,150,150,150,149,147,149,3.1,1
3.9199999999999604,150,150,150,148,147,148,4.5,1
3.92999999999996,150,150,149,148,148,148,4.1,1
3.93999999999996,150,150,148,149,148,148,3.5,1
3.9499999999999598,150,150,148,149,148,148,1.1,1
3.9599999999999596,150,150,147,149,148,148,-0.6,1
3.9699999999999593,150,150,146,149,148,148,1.6,1
3.979999999999959,150,150,146,150,148,149,5.9,1
3.989999999999959,150,150,145,150,147,149,5.5,1
3.9999999999999587,150,150,146,150,147,149,4.3,1
4.009999999999959,150,150,146,150,146,149,-2.9,1
4.019999999999959,150,150,147,149,146,149,-4.6,1
4.0299999999999585,150,150,148,149,146,149,-1.0,1
4.039999999999958,150,150,149,149,146,149,-1.5,1
4.049999999999958,150,150,149,149,146,149,-0.5,1
4.059999999999958,150,150,150,149,146,149,-1.2,1
4.069999999999958,150,150,149,148,147,148,0.3,1
4.079999999999957,150,150,149,147,147,148,-1.8,1
4.089999999999957,150,150,148,147,148,148,-0.2,1
4.099999999999957,150,150,148,147,148,148,0.8,1
4.109999999999957,150,150,147,147,148,147,2.1,1
4.119999999999957,150,150,147,147,149,147,-0.0,1
4.129999999999956,150,150,147,147,149,147,1.9,1
4.139999999999956,150,150,148,148,149,147,2.7,1
4.149999999999956,150,150,148,148,149,148,1.8,1
4.159999999999956,150,150,149,148,148,148,-0.4,1
4.1699999999999555,150,150,149,149,148,148,-2.7,1
4.179999999999955,150,150,149,149,147,148,0.1,1
4.189999999999955,150,150,149,149,147,149,2.1,1
4.199999999999955,150,150,150,149,147,149,2.1,1
4.209999999999955,150,150,150,149,147,149,0.5,1
4.2199999999999545,150,150,151,149,147,149,0.3,1
4.229999999999954,150,150,151,149,147,149,0.6,1
4.239999999999954,150,150,151,149,148,150,-1.1,1
4.249999999999954,150,150,150,149,148,150,-1.4,1
4.259999999999954,150,150,149,149,149,150,0.8,1
4.269999999999953,150,150,148,149,149,150,2.6,1
4.279999999999953,150,150,147,149,149,150,0.7,1
4.289999999999953,150,150,147,149,149,149,-0.5,1
4.299999999999953,150,150,146,149,149,149,0.4,1
4.3099999999999525,150,150,147,149,149,149,-1.1,1
4.319999999999952,150,150,147,149,148,148,-1.3,1
4.329999999999952,150,150,148,149,148,148,-0.4,1
4.339999999999952,150,150,149,149,148,148,0.0,1
4.349999999999952,150,150,150,150,148,148,-0.1,1
4.3599999999999515,150,150,150,149,148,148,2.2,1
4.369999999999951,150,150,150,149,148,148,0.3,1
4.379999999999951,150,150,150,149,148,148,2.0,1
4.389999999999951,150,150,150,149,148,148,1.0,1
4.399999999999951,150,150,150,149,148,148,-0.4,1
4.40999999999995,150,150,149,149,148,148,0.7,1
4.41999999999995,150,150,149,149,148,148,0.8,1
4.42999999999995,150,150,148,148,149,148,1.5,1
4.43999999999995,150,150,147,148,149,148,2.9,1
4.4499999999999496,150,150,147,148,149,148,4.4,1
4.459999999999949,150,150,146,148,148,148,0.8,1
4.469999999999949,150,150,146,148,148,147,-3.6,1
4.479999999999949,150,150,146,147,147,147,-4.0,1
4.489999999999949,150,150,146,148,147,147,0.4,1
4.4999999999999485,150,150,147,148,147,147,2.5,1
4.509999999999948,150,150,148,148,146,147,3.3,1
4.519999999999948,150,150,149,148,146,147,1.3,1
4.529999999999948,150,150,150,148,146,147,2.4,1
4.539999999999948,150,150,151,148,146,148,0.2,1
4.549999999999947,150,150,151,148,147,148,-1.6,1
4.559999999999947,150,150,150,148,147,149,0.3,1
4.569999999999947,150,150,150,149,147,149,1.9,1
4.579999999999947,150,150,149,149,147,149,0.5,2
4.589999999999947,150,150,149,149,147,150,2.4,2
4.599999999999946,150,150,149,149,147,150,3.9,2
4.609999999999946,150,150,149,150,147,150,0.6,2
4.619999999999946,150,150,149,150,147,150,-1.3,2
4.629999999999946,150,150,149,150,147,150,-0.5,2
4.6399999999999455,150,150,149,151,147,150,0.4,2
4.649999999999945,150,150,149,151,147,150,2.2,2
4.659999999999945,150,150,149,151,147,151,1.3,2
4.669999999999945,150,150,150,151,147,151,0.1,2
4.679999999999945,150,150,150,151,147,151,0.1,2
4.689999999999944,150,150,151,151,147,151,-1.6,2
4.699999999999944,150,150,151,150,148,151,2.2,2
4.709999999999944,150,150,151,150,148,151,3.9,2
4.719999999999944,150,150,150,149,148,150,1.9,2
4.729999999999944,150,150,149,149,148,150,3.5,2
4.739999999999943,150,150,149,149,149,150,-0.8,2
4.749999999999943,150,150,148,149,149,149,-1.0,2
4.759999999999943,150,150,147,149,149,149,-0.6,2
4.769999999999943,150,150,147,149,149,148,1.5,2
4.7799999999999425,150,150,147,150,149,148,0.2,2
4.789999999999942,150,150,147,150,148,147,0.3,2
4.799999999999942,150,150,148,151,148,147,2.3,2
4.809999999999942,150,150,148,151,148,147,2.6,2
4.819999999999942,150,150,149,151,148,147,0.2,2
4.8299999999999415,150,150,149,150,148,148,-0.8,2
4.839999999999941,150,150,149,150,148,148,-4.3,2
4.849999999999941,150,150,149,150,147,148,-6.3,2
4.859999999999941,150,150,150,149,147,148,-1.5,2
4.869999999999941,150,150,150,149,147,148,2.9,2
4.87999999999994,150,150,150,148,147,148,-0.4,2
4.88999999999994,150,150,150,148,147,148,-3.5,2
4.89999999999994,150,150,150,148,147,148,-0.5,2
4.90999999999994,150,150,149,149,148,148,1.1,2
4.9199999999999395,150,150,149,149,148,148,1.1,2
4.929999999999939,150,150,148,150,149,148,2.0,2
4.939999999999939,150,150,147,150,149,148,2.8,2
4.949999999999939,150,150,147,150,149,148,-0.1,2
4.959999999999939,150,150,146,150,149,148,0.4,2
4.9699999999999385,150,150,146,150,148,148,11.7,2
4.979999999999938,150,150,146,150,148,147,7.3,2
4.989999999999938,150,150,147,149,147,147,-1.8,2
4.999999999999938,0,0,147,149,146,147,0.1,2
5.009999999999938,0,0,148,149,146,146,6.1,2
5.019999999999937,0,0,145,147,144,142,12.2,2
5.029999999999937,0,0,140,143,141,136,-2.2,2
5.039999999999937,0,0,134,139,135,129,-18.3,2
5.049999999999937,0,0,127,135,127,120,-13.5,2
5.0599999999999365,0,0,118,131,118,110,-3.4,2
5.069999999999936,0,0,108,126,107,99,6.7,2
5.079999999999936,0,0,97,122,97,89,-1.0,2
5.089999999999936,0,0,87,119,90,81,-7.3,2
5.099999999999936,0,0,77,116,83,75,-9.8,2
5.1099999999999355,0,0,67,113,79,71,-11.4,1
5.119999999999935,0,0,59,111,76,69,-8.5,1
5.129999999999935,0,0,52,109,75,67,-13.6,1
5.139999999999935,0,0,45,107,75,67,-12.9,1
5.149999999999935,0,0,40,106,74,66,-3.9,1
5.159999999999934,0,0,35,105,74,65,-1.1,1
5.169999999999934,0,0,32,104,75,63,0.1,1
5.179999999999934,0,0,29,99,75,60,2.3,1
5.189999999999934,0,0,25,91,71,57,0.2,1
5.199999999999934,0,0,19,82,64,55,-2.1,1
5.209999999999933,0,0,14,71,56,52,0.8,1
