t,i1,i2,i3,i4,i5,i6,i7,i8
0.0,65,-65,0,0,0,0,-0.0,0
0.01,65,-65,0,0,0,0,-0.1,0
0.02,65,-65,0,0,0,0,-1.1,0
0.03,65,-65,0,0,0,0,0.8,0
0.04,65,-65,0,0,0,0,11.3,0
0.05,65,-65,0,0,0,0,29.9,0
0.060000000000000005,65,-65,0,0,0,0,33.4,0
0.07,65,-65,0,0,0,0,21.1,0
0.08,65,-65,0,0,0,0,1.6,0
0.09,65,-65,0,0,0,0,-9.4,0
0.09999999999999999,65,-65,0,0,0,0,-7.0,0
0.10999999999999999,65,-65,0,0,0,0,0.3,0
0.11999999999999998,65,-65,0,0,0,0,4.6,0
0.12999999999999998,65,-65,0,0,0,0,3.9,0
0.13999999999999999,65,-65,0,0,0,0,-0.6,0
0.15,65,-65,0,0,0,0,-2.3,0
0.16,65,-65,0,0,0,0,-1.5,0
0.17,65,-65,0,0,0,0,0.1,0
0.18000000000000002,65,-65,0,0,0,0,0.8,0
0.19000000000000003,65,-65,0,0,0,0,0.2,0
0.20000000000000004,65,-65,-1,0,0,0,0.7,0
0.21000000000000005,65,-65,-2,0,0,0,1.5,0
0.22000000000000006,65,-65,-2,0,-1,0,1.3,0
0.23000000000000007,65,-65,-3,1,-1,0,1.9,0
0.24000000000000007,65,-65,-4,1,-2,0,2.8,0
0.25000000000000006,65,-65,-4,2,-3,0,3.7,1
0.26000000000000006,65,-65,-5,3,-3,0,4.5,1
0.2700000000000001,65,-65,-5,3,-4,0,4.9,1
0.2800000000000001,65,-65,-6,4,-4,0,3.9,1
0.2900000000000001,65,-65,-6,4,-4,1,2.5,1
0.3000000000000001,65,-65,-6,4,-5,1,3.2,1
0.3100000000000001,65,-65,-6,5,-5,2,3.0,1
0.3200000000000001,65,-65,-6,5,-5,2,3.0,1
0.3300000000000001,65,-65,-7,5,-5,2,4.2,1
0.34000000000000014,65,-65,-6,5,-5,2,6.7,1
0.35000000000000014,65,-65,-6,5,-6,3,7.7,1
0.36000000000000015,65,-65,-5,6,-5,3,6.4,1
0.37000000000000016,65,-65,-5,6,-5,3,6.9,1
0.38000000000000017,65,-65,-4,6,-5,3,5.4,1
0.3900000000000002,65,-65,-4,6,-5,3,4.3,1
0.4000000000000002,65,-65,-4,6,-5,3,6.2,1
0.4100000000000002,65,-65,-3,6,-5,4,8.1,1
0.4200000000000002,65,-65,-3,6,-5,4,5.7,1
0.4300000000000002,65,-65,-3,6,-5,4,4.2,1
0.4400000000000002,65,-65,-4,6,-4,4,6.8,1
0.45000000000000023,65,-65,-4,6,-4,4,6.6,2
0.46000000000000024,65,-65,-4,6,-4,4,6.7,2
0.47000000000000025,65,-65,-4,6,-4,5,6.4,2
0.48000000000000026,65,-65,-5,6,-4,5,7.2,2
0.49000000000000027,65,-65,-5,6,-4,5,7.6,2
0.5000000000000002,65,-65,-6,6,-4,5,5.5,2
0.5100000000000002,65,-65,-6,6,-4,5,4.5,2
0.5200000000000002,65,-65,-7,6,-4,5,4.6,2
0.5300000000000002,65,-65,-7,6,-4,5,9.6,2
0.5400000000000003,65,-65,-8,6,-5,5,12.6,2
0.5500000000000003,65,-65,-8,6,-5,5,7.8,2
0.5600000000000003,65,-65,-9,6,-5,6,8.2,2
0.5700000000000003,65,-65,-9,6,-5,6,9.5,2
0.5800000000000003,65,-65,-10,6,-5,6,14.4,3
0.5900000000000003,65,-65,-11,6,-5,6,20.5,3
0.6000000000000003,65,-65,-12,6,-5,6,16.5,3
0.6100000000000003,65,-65,-14,6,-5,7,11.9,3
0.6200000000000003,65,-65,-16,7,-5,7,14.7,3
0.6300000000000003,65,-65,-17,7,-6,8,20.9,3
0.6400000000000003,65,-65,-19,7,-6,9,26.8,4
0.6500000000000004,65,-65,-21,7,-6,11,24.2,4
0.6600000000000004,65,-65,-24,8,-8,12,23.7,4
0.6700000000000004,65,-65,-26,9,-9,14,27.9,4
0.6800000000000004,65,-65,-27,10,-11,16,22.2,5
0.6900000000000004,65,-65,-29,11,-13,18,23.5,5
0.7000000000000004,65,-65,-31,12,-16,19,29.7,5
0.7100000000000004,65,-65,-32,13,-18,21,26.2,5
0.7200000000000004,65,-65,-34,14,-21,23,32.6,6
0.7300000000000004,65,-65,-35,15,-24,26,36.1,6
0.7400000000000004,65,-65,-36,15,-27,28,33.8,7
0.7500000000000004,65,-65,-36,16,-29,31,31.2,7
0.7600000000000005,65,-65,-37,16,-31,34,36.9,7
0.7700000000000005,65,-65,-37,17,-32,37,34.3,8
0.7800000000000005,65,-65,-38,18,-34,40,41.0,8
0.7900000000000005,65,-65,-38,19,-35,42,46.6,8
0.8000000000000005,65,-65,-39,20,-37,44,41.7,9
0.8100000000000005,65,-65,-40,21,-39,47,36.3,9
0.8200000000000005,65,-65,-42,23,-41,48,52.8,10
0.8300000000000005,65,-65,-44,24,-42,50,46.7,10
0.8400000000000005,65,-65,-46,24,-43,51,37.5,11
0.8500000000000005,65,-65,-48,25,-44,52,43.0,11
0.8600000000000005,65,-65,-49,26,-44,54,48.3,11
0.8700000000000006,65,-65,-50,27,-44,55,43.3,12
0.8800000000000006,65,-65,-50,28,-45,56,50.7,12
0.8900000000000006,65,-65,-50,30,-45,57,45.4,13
0.9000000000000006,65,-65,-49,32,-46,58,42.0,13
0.9100000000000006,65,-65,-50,33,-47,59,40.4,14
0.9200000000000006,65,-65,-50,34,-48,59,52.1,14
0.9300000000000006,65,-65,-50,35,-49,60,56.6,15
0.9400000000000006,65,-65,-51,35,-50,60,39.3,15
0.9500000000000006,65,-65,-51,36,-51,60,45.4,16
0.9600000000000006,65,-65,-50,36,-51,61,45.8,16
0.9700000000000006,65,-65,-50,37,-51,61,52.7,17
0.9800000000000006,65,-65,-49,37,-52,62,40.5,17
0.9900000000000007,65,-65,-49,38,-52,63,49.6,18
1.0000000000000007,65,-65,-49,39,-52,64,62.1,18
1.0100000000000007,65,-65,-49,39,-53,65,54.5,19
1.0200000000000007,65,-65,-49,40,-53,66,42.7,19
1.0300000000000007,65,-65,-50,41,-54,67,57.4,20
1.0400000000000007,65,-65,-51,42,-54,67,60.4,20
1.0500000000000007,65,-65,-52,42,-54,68,48.7,21
1.0600000000000007,65,-65,-53,43,-54,68,50.1,21
1.0700000000000007,65,-65,-55,44,-54,69,57.4,22
1.0800000000000007,65,-65,-56,45,-54,69,64.3,22
1.0900000000000007,65,-65,-57,46,-54,70,50.9,23
1.1000000000000008,65,-65,-59,46,-53,70,45.5,23
1.1100000000000008,65,-65,-60,47,-53,70,63.1,24
1.1200000000000008,65,-65,-61,48,-53,70,56.8,25
1.1300000000000008,65,-65,-62,48,-53,70,49.4,25
1.1400000000000008,65,-65,-62,48,-53,70,46.0,26
1.1500000000000008,65,-65,-63,49,-53,70,59.7,26
1.1600000000000008,65,-65,-63,49,-53,70,67.5,27
1.1700000000000008,65,-65,-63,50,-52,70,51.1,27
1.1800000000000008,65,-65,-62,51,-52,69,54.8,28
1.1900000000000008,65,-65,-62,53,-52,69,57.4,29
1.2000000000000008,65,-65,-61,54,-52,69,56.0,29
1.2100000000000009,65,-65,-61,56,-51,68,52.6,30
1.2200000000000009,65,-65,-60,57,-51,68,59.7,30
1.2300000000000009,65,-65,-60,58,-51,68,57.3,31
1.2400000000000009,65,-65,-60,59,-52,68,57.4,31
1.2500000000000009,65,-65,-60,59,-52,67,60.8,32
1.260000000000001,65,-65,-60,59,-52,67,55.5,32
1.270000000000001,65,-65,-60,59,-52,67,48.8,33
1.280000000000001,65,-65,-61,59,-52,66,54.2,34
1.290000000000001,65,-65,-62,59,-52,66,60.8,34
1.300000000000001,65,-65,-62,58,-52,65,56.5,35
1.310000000000001,65,-65,-63,58,-53,66,48.8,35
1.320000000000001,65,-65,-63,58,-53,66,58.0,36
1.330000000000001,65,-65,-63,58,-53,66,65.6,36
1.340000000000001,65,-65,-63,57,-54,66,52.3,37
1.350000000000001,65,-65,-63,57,-55,66,46.2,37
1.360000000000001,65,-65,-63,57,-55,67,58.5,38
1.370000000000001,65,-65,-63,56,-56,67,60.2,39
1.380000000000001,65,-65,-63,56,-57,67,45.2,39
1.390000000000001,65,-65,-63,55,-57,67,51.8,40
1.400000000000001,65,-65,-63,55,-57,67,58.9,40
1.410000000000001,65,-65,-63,55,-57,67,61.1,41
1.420000000000001,65,-65,-64,55,-56,67,46.9,41
1.430000000000001,65,-65,-64,55,-56,66,51.9,42
1.440000000000001,65,-65,-64,55,-56,67,65.5,42
1.450000000000001,65,-65,-63,55,-55,67,56.2,43
1.460000000000001,65,-65,-63,56,-55,67,49.2,43
1.470000000000001,65,-65,-62,56,-55,67,60.4,44
1.480000000000001,65,-65,-62,57,-55,67,68.7,45
1.490000000000001,65,-65,-61,57,-56,68,54.7,45
1.500000000000001,65,-65,-61,58,-56,69,49.8,46
1.5100000000000011,65,-65,-62,58,-57,69,61.5,46
1.5200000000000011,65,-65,-62,57,-57,70,62.6,47
1.5300000000000011,65,-65,-63,57,-58,71,52.6,48
1.5400000000000011,65,-65,-63,56,-59,71,62.0,48
1.5500000000000012,65,-65,-64,56,-60,72,62.5,49
1.5600000000000012,65,-65,-64,55,-61,72,61.5,49
1.5700000000000012,65,-65,-65,55,-62,73,55.7,50
1.5800000000000012,65,-65,-64,55,-62,73,66.3,51
1.5900000000000012,65,-65,-64,56,-62,73,70.3,51
1.6000000000000012,65,-65,-64,56,-62,74,59.2,52
1.6100000000000012,65,-65,-64,57,-63,74,64.0,53
1.6200000000000012,65,-65,-63,57,-64,75,68.8,53
1.6300000000000012,65,-65,-63,58,-64,76,63.1,54
1.6400000000000012,65,-65,-63,58,-65,77,58.3,54
1.6500000000000012,65,-65,-62,59,-66,77,67.4,55
1.6600000000000013,65,-65,-61,59,-66,77,68.9,56
1.6700000000000013,65,-65,-60,60,-66,77,63.2,56
1.6800000000000013,65,-65,-60,60,-66,77,58.1,57
1.6900000000000013,65,-65,-60,61,-65,77,64.9,58
1.7000000000000013,65,-65,-60,61,-65,77,63.8,58
1.7100000000000013,65,-65,-59,62,-64,76,65.6,59
1.7200000000000013,65,-65,-59,62,-63,76,54.3,60
1.7300000000000013,65,-65,-60,62,-63,76,58.1,60
1.7400000000000013,65,-65,-60,61,-62,75,66.6,61
1.7500000000000013,65,-65,-61,61,-62,74,53.5,61
1.7600000000000013,65,-65,-63,61,-61,74,57.2,62
1.7700000000000014,65,-65,-64,61,-61,73,65.4,63
1.7800000000000014,65,-65,-65,60,-61,72,57.9,63
1.7900000000000014,65,-65,-65,60,-61,71,57.6,64
1.8000000000000014,65,-65,-66,59,-62,70,66.2,64
1.8100000000000014,65,-65,-67,59,-62,69,62.6,65
1.8200000000000014,65,-65,-67,58,-63,69,59.4,66
1.8300000000000014,65,-65,-67,58,-64,69,71.0,66
1.8400000000000014,65,-65,-67,57,-64,68,70.5,67
1.8500000000000014,65,-65,-66,58,-65,68,65.6,68
1.8600000000000014,65,-65,-65,58,-66,68,68.8,68
1.8700000000000014,65,-65,-64,59,-66,68,70.3,69
1.8800000000000014,65,-65,-63,60,-67,68,77.0,70
1.8900000000000015,65,-65,-62,61,-68,69,64.5,70
1.9000000000000015,65,-65,-61,61,-69,70,67.3,71
1.9100000000000015,65,-65,-61,62,-70,70,71.6,72
1.9200000000000015,65,-65,-61,62,-71,70,66.5,73
1.9300000000000015,65,-65,-61,61,-71,70,61.3,73
1.9400000000000015,65,-65,-61,61,-71,70,68.0,74
1.9500000000000015,65,-65,-61,60,-71,70,68.4,74
1.9600000000000015,65,-65,-60,60,-72,70,61.4,75
1.9700000000000015,65,-65,-60,61,-72,70,60.6,76
1.9800000000000015,65,-65,-60,61,-72,70,76.2,76
1.9900000000000015,65,-65,-59,62,-72,69,65.7,77
2.0000000000000013,65,-65,-58,62,-72,69,54.0,78
2.010000000000001,65,-65,-57,63,-72,68,60.3,78
2.020000000000001,65,-65,-56,62,-73,67,72.3,79
2.0300000000000007,65,-65,-55,62,-74,67,66.8,80
2.0400000000000005,65,-65,-55,62,-75,68,61.8,80
2.0500000000000003,65,-65,-54,63,-76,68,84.5,81
2.06,65,-65,-54,63,-77,69,76.4,82
2.07,65,-65,-54,63,-78,69,58.8,82
2.0799999999999996,65,-65,-53,63,-78,70,69.9,83
2.0899999999999994,65,-65,-53,63,-78,70,72.1,84
2.099999999999999,65,-65,-54,63,-78,70,76.7,85
2.109999999999999,65,-65,-55,63,-79,69,73.1,85
2.1199999999999988,65,-65,-56,63,-80,69,67.1,86
2.1299999999999986,65,-65,-57,63,-81,69,73.7,87
2.1399999999999983,65,-65,-57,63,-82,69,70.9,88
2.149999999999998,65,-65,-58,64,-83,69,65.7,88
2.159999999999998,65,-65,-59,66,-82,68,66.8,89
2.1699999999999977,65,-65,-59,67,-81,68,68.8,90
2.1799999999999975,65,-65,-59,69,-79,67,61.3,90
2.1899999999999973,65,-65,-59,70,-76,66,60.0,91
2.199999999999997,65,-65,-59,71,-75,65,62.4,91
2.209999999999997,65,-65,-60,71,-73,64,60.4,92
2.2199999999999966,65,-65,-60,72,-72,63,60.9,93
2.2299999999999964,65,-65,-61,71,-70,62,58.8,93
2.239999999999996,65,-65,-62,70,-69,60,55.7,94
2.249999999999996,65,-65,-62,69,-68,59,52.0,94
2.259999999999996,65,-65,-63,68,-67,57,54.6,95
2.2699999999999956,65,-65,-64,66,-66,56,61.5,95
2.2799999999999954,65,-65,-64,65,-65,55,56.0,96
2.289999999999995,65,-65,-63,63,-64,54,49.2,96
2.299999999999995,65,-65,-63,62,-63,53,53.0,97
2.3099999999999947,65,-65,-62,61,-62,53,52.9,98
2.3199999999999945,65,-65,-61,61,-60,52,52.8,98
2.3299999999999943,65,-65,-60,61,-59,52,55.7,99
2.339999999999994,65,-65,-59,62,-58,52,58.1,99
2.349999999999994,65,-65,-58,63,-57,51,50.4,100
2.3599999999999937,65,-65,-57,64,-57,51,52.3,100
2.3699999999999934,65,-65,-56,65,-56,52,55.8,101
2.3799999999999932,65,-65,-55,66,-56,52,57.1,101
2.389999999999993,65,-65,-55,67,-56,52,54.0,102
2.399999999999993,65,-65,-55,68,-56,52,63.9,103
2.4099999999999926,65,-65,-56,69,-57,52,65.6,103
2.4199999999999924,65,-65,-58,69,-57,52,53.7,104
2.429999999999992,65,-65,-59,69,-58,52,59.1,104
2.439999999999992,65,-65,-61,69,-59,52,66.8,105
2.4499999999999917,65,-65,-62,69,-60,53,52.0,105
2.4599999999999915,65,-65,-63,69,-60,54,56.1,106
2.4699999999999913,65,-65,-64,69,-60,55,58.8,107
2.479999999999991,65,-65,-64,69,-60,55,51.4,107
2.489999999999991,65,-65,-65,68,-60,56,49.3,108
2.4999999999999907,65,-65,-65,67,-61,57,56.7,108
2.5099999999999905,65,-65,-65,66,-63,57,58.4,109
2.5199999999999902,65,-65,-65,64,-64,58,48.4,109
2.52999999999999,65,-65,-65,62,-65,58,57.3,110
2.53999999999999,65,-65,-64,61,-66,58,66.1,111
2.5499999999999896,65,-65,-63,61,-66,59,60.1,111
2.5599999999999894,65,-65,-62,62,-66,59,60.4,112
2.569999999999989,65,-65,-61,64,-66,60,66.0,112
2.579999999999989,65,-65,-60,66,-66,60,66.8,113
2.5899999999999888,65,-65,-60,68,-65,61,61.0,114
2.5999999999999885,65,-65,-59,70,-66,62,62.2,114
2.6099999999999883,65,-65,-59,71,-66,62,66.0,115
2.619999999999988,65,-65,-60,71,-67,63,59.8,116
2.629999999999988,65,-65,-61,71,-68,63,53.5,116
2.6399999999999877,65,-65,-63,71,-68,63,62.7,117
2.6499999999999875,65,-65,-65,71,-69,63,67.2,117
2.6599999999999873,65,-65,-67,71,-69,63,66.7,118
2.669999999999987,65,-65,-68,72,-69,63,69.7,119
2.679999999999987,65,-65,-69,72,-69,64,55.6,119
2.6899999999999866,65,-65,-70,72,-68,64,62.6,120
2.6999999999999864,65,-65,-70,72,-67,64,60.8,121
2.709999999999986,65,-65,-70,71,-66,65,64.1,121
2.719999999999986,65,-65,-70,71,-66,65,54.0,122
2.7299999999999858,65,-65,-69,70,-66,65,60.6,122
2.7399999999999856,65,-65,-68,69,-66,65,62.5,123
2.7499999999999853,65,-65,-67,67,-66,64,48.5,123
2.759999999999985,65,-65,-66,65,-67,64,50.0,124
2.769999999999985,65,-65,-65,63,-67,63,53.1,124
2.7799999999999847,65,-65,-63,61,-67,61,52.1,125
2.7899999999999845,65,-65,-62,59,-67,60,46.3,125
2.7999999999999843,65,-65,-60,57,-67,58,55.9,126
2.809999999999984,65,-65,-59,56,-67,56,56.4,127
2.819999999999984,65,-65,-59,54,-68,55,51.6,127
2.8299999999999836,65,-65,-59,54,-68,54,54.0,128
2.8399999999999834,65,-65,-58,54,-68,54,63.6,128
2.849999999999983,65,-65,-59,54,-68,53,61.7,129
2.859999999999983,65,-65,-59,55,-67,53,53.1,129
2.869999999999983,65,-65,-59,55,-67,53,64.4,130
2.8799999999999826,65,-65,-60,56,-68,53,61.6,131
2.8899999999999824,65,-65,-61,58,-69,54,58.8,131
2.899999999999982,65,-65,-62,59,-70,54,66.1,132
2.909999999999982,65,-65,-63,60,-71,54,69.9,133
2.9199999999999817,65,-65,-64,61,-71,55,55.4,133
2.9299999999999815,65,-65,-65,62,-71,55,57.7,134
2.9399999999999813,65,-65,-66,63,-70,56,56.7,134
2.949999999999981,65,-65,-66,63,-69,56,64.7,135
2.959999999999981,65,-65,-66,63,-69,57,53.2,135
2.9699999999999807,65,-65,-67,63,-68,57,56.1,136
2.9799999999999804,65,-65,-67,62,-68,58,59.9,137
2.9899999999999802,65,-65,-66,61,-68,58,58.3,137
2.99999999999998,65,-65,-66,60,-69,59,54.9,138
3.00999999999998,65,-65,-64,59,-69,59,59.0,138
3.0199999999999796,65,-65,-63,59,-70,59,60.9,139
3.0299999999999794,65,-65,-61,59,-70,59,59.4,140
3.039999999999979,65,-65,-59,59,-70,59,58.2,140
3.049999999999979,65,-65,-57,59,-70,60,63.9,141
3.0599999999999787,65,-65,-55,59,-71,60,67.8,141
3.0699999999999785,65,-65,-54,60,-72,61,68.0,142
3.0799999999999783,65,-65,-52,60,-73,62,66.2,143
3.089999999999978,65,-65,-51,60,-75,63,62.8,143
3.099999999999978,65,-65,-50,60,-76,64,69.3,144
3.1099999999999777,65,-65,-50,61,-77,65,67.8,145
3.1199999999999775,65,-65,-49,61,-78,66,66.9,145
3.1299999999999772,65,-65,-49,62,-79,67,63.1,146
3.139999999999977,65,-65,-49,62,-79,68,59.7,147
3.149999999999977,65,-65,-49,63,-78,69,61.7,147
3.1599999999999766,65,-65,-50,64,-77,70,66.0,148
3.1699999999999764,65,-65,-52,65,-76,70,59.5,149
3.179999999999976,65,-65,-53,66,-75,71,62.0,149
3.189999999999976,65,-65,-55,67,-74,72,66.9,150
3.1999999999999758,65,-65,-56,67,-73,72,65.1,151
3.2099999999999755,65,-65,-57,68,-72,72,62.7,151
3.2199999999999753,65,-65,-58,69,-71,71,57.9,152
3.229999999999975,65,-65,-59,70,-71,70,71.3,152
3.239999999999975,65,-65,-60,71,-70,69,67.1,153
3.2499999999999747,65,-65,-61,71,-70,68,55.2,154
3.2599999999999745,65,-65,-62,71,-69,67,59.4,154
3.2699999999999743,65,-65,-62,70,-69,66,58.7,155
3.279999999999974,65,-65,-63,69,-68,66,52.0,155
3.289999999999974,65,-65,-63,67,-68,65,56.6,156
3.2999999999999736,65,-65,-64,67,-67,65,64.3,157
3.3099999999999734,65,-65,-64,66,-66,64,62.7,157
3.319999999999973,65,-65,-64,66,-65,64,56.7,158
3.329999999999973,65,-65,-64,65,-64,64,60.7,158
3.3399999999999728,65,-65,-64,64,-64,64,61.3,159
3.3499999999999726,65,-65,-64,63,-63,63,56.8,160
3.3599999999999723,65,-65,-64,63,-63,63,62.1,160
3.369999999999972,65,-65,-64,62,-62,63,67.2,161
3.379999999999972,65,-65,-64,63,-62,64,64.4,161
3.3899999999999717,65,-65,-65,63,-62,64,67.7,162
3.3999999999999715,65,-65,-65,64,-63,66,68.0,163
3.4099999999999713,65,-65,-66,64,-63,67,60.1,163
3.419999999999971,65,-65,-67,65,-64,68,69.1,164
3.429999999999971,65,-65,-67,65,-64,70,64.1,165
3.4399999999999706,65,-65,-68,65,-65,71,61.0,165
3.4499999999999704,65,-65,-68,65,-65,71,61.7,166
3.45999999999997,65,-65,-69,65,-65,72,67.5,167
3.46999999999997,65,-65,-70,66,-66,72,63.9,167
3.47999999999997,65,-65,-71,66,-66,72,58.0,168
3.4899999999999696,65,-65,-71,66,-65,71,62.6,169
3.4999999999999694,65,-65,-72,66,-65,71,65.8,169
3.509999999999969,65,-65,-73,66,-65,71,56.7,170
3.519999999999969,65,-65,-74,66,-64,70,58.8,170
3.5299999999999687,65,-65,-74,66,-64,69,62.6,171
3.5399999999999685,65,-65,-75,66,-63,69,55.6,172
3.5499999999999683,65,-65,-76,65,-62,68,52.9,172
3.559999999999968,65,-65,-77,64,-61,68,50.8,173
3.569999999999968,65,-65,-78,63,-60,67,62.3,173
3.5799999999999677,65,-65,-79,63,-58,67,55.0,174
3.5899999999999674,65,-65,-79,62,-57,67,54.5,174
3.5999999999999672,65,-65,-80,61,-56,67,57.0,175
3.609999999999967,65,-65,-81,61,-56,67,58.0,175
3.619999999999967,65,-65,-81,60,-56,68,54.3,176
3.6299999999999666,65,-65,-81,60,-55,68,62.3,177
3.6399999999999664,65,-65,-81,60,-55,68,61.9,177
3.649999999999966,65,-65,-81,59,-56,68,62.6,178
3.659999999999966,65,-65,-81,59,-56,69,60.0,178
3.6699999999999657,65,-65,-80,59,-57,69,58.9,179
3.6799999999999655,65,-65,-80,59,-58,69,52.9,180
3.6899999999999653,65,-65,-79,59,-58,70,69.3,180
3.699999999999965,65,-65,-78,60,-58,70,61.3,181
3.709999999999965,65,-65,-77,60,-58,71,51.8,181
3.7199999999999647,65,-65,-76,60,-59,72,64.8,182
3.7299999999999645,65,-65,-76,60,-60,73,74.3,183
3.7399999999999642,65,-65,-75,60,-61,74,60.5,183
3.749999999999964,65,-65,-75,60,-62,76,59.5,184
3.759999999999964,65,-65,-75,60,-63,77,67.6,185
3.7699999999999636,65,-65,-74,60,-63,78,68.5,185
3.7799999999999634,65,-65,-74,61,-63,79,54.0,186
3.789999999999963,65,-65,-74,61,-63,80,51.4,186
3.799999999999963,65,-65,-74,62,-61,81,70.2,187
3.8099999999999627,65,-65,-73,62,-60,82,64.5,188
3.8199999999999625,65,-65,-73,62,-58,84,54.1,188
3.8299999999999623,65,-65,-73,62,-57,84,56.7,189
3.839999999999962,65,-65,-73,62,-57,85,70.9,190
3.849999999999962,65,-65,-73,62,-57,84,67.8,190
3.8599999999999617,65,-65,-72,62,-57,84,51.2,191
3.8699999999999615,65,-65,-72,62,-57,83,63.4,191
3.8799999999999613,65,-65,-71,62,-57,82,73.3,192
3.889999999999961,65,-65,-70,62,-58,81,59.4,193
3.899999999999961,65,-65,-70,62,-58,80,52.4,193
3.9099999999999606,65,-65,-69,62,-58,79,71.4,194
3.9199999999999604,65,-65,-69,62,-59,78,67.3,195
3.92999999999996,65,-65,-69,62,-59,78,56.2,195
3.93999999999996,65,-65,-69,61,-60,77,54.1,196
3.9499999999999598,65,-65,-69,61,-61,76,67.6,196
3.9599999999999596,65,-65,-70,61,-62,76,62.5,197
3.9699999999999593,65,-65,-70,61,-62,76,55.8,198
3.979999999999959,65,-65,-71,61,-62,76,55.7,198
3.989999999999959,65,-65,-71,62,-61,75,66.2,199
3.9999999999999587,65,-65,-72,62,-60,75,62.4,199
4.009999999999959,65,-65,-73,62,-60,74,55.8,200
4.019999999999959,65,-65,-75,62,-59,74,63.6,201
4.0299999999999585,65,-65,-76,62,-59,73,73.6,201
4.039999999999958,65,-65,-77,63,-58,73,65.6,202
4.049999999999958,65,-65,-78,64,-57,73,57.4,203
4.059999999999958,65,-65,-78,65,-56,72,62.6,203
4.069999999999958,65,-65,-79,66,-55,72,59.0,204
4.079999999999957,65,-65,-78,66,-54,71,71.8,205
4.089999999999957,65,-65,-77,67,-53,71,55.9,205
4.099999999999957,65,-65,-77,67,-53,70,55.9,206
4.109999999999957,65,-65,-77,67,-53,69,69.0,206
4.119999999999957,65,-65,-76,67,-53,69,65.2,207
4.129999999999956,65,-65,-76,67,-54,69,61.7,208
4.139999999999956,65,-65,-76,66,-54,68,58.9,208
4.149999999999956,65,-65,-76,66,-55,68,64.1,209
4.159999999999956,65,-65,-77,66,-56,68,62.7,209
4.1699999999999555,65,-65,-77,65,-57,69,62.0,210
4.179999999999955,65,-65,-78,64,-58,69,61.1,211
4.189999999999955,65,-65,-78,64,-59,69,62.0,211
4.199999999999955,65,-65,-78,63,-59,69,64.5,212
4.209999999999955,65,-65,-78,62,-59,70,58.6,213
4.2199999999999545,65,-65,-78,61,-59,70,64.0,213
4.229999999999954,65,-65,-78,60,-59,71,56.5,214
4.239999999999954,65,-65,-77,59,-59,72,68.6,214
4.249999999999954,65,-65,-76,58,-59,73,60.8,215
4.259999999999954,65,-65,-75,57,-59,73,46.6,215
4.269999999999953,65,-65,-74,57,-58,74,50.3,216
4.279999999999953,65,-65,-73,56,-58,74,60.7,217
4.289999999999953,65,-65,-72,56,-57,74,48.7,217
4.299999999999953,65,-65,-70,55,-56,73,42.3,218
4.3099999999999525,65,-65,-69,55,-55,72,48.8,218
4.319999999999952,65,-65,-68,54,-54,71,58.4,219
4.329999999999952,65,-65,-68,54,-54,70,50.3,219
4.339999999999952,65,-65,-67,54,-53,68,43.8,220
4.349999999999952,65,-65,-67,53,-53,67,58.5,220
4.3599999999999515,65,-65,-66,53,-53,65,57.5,221
4.369999999999951,65,-65,-66,53,-53,64,49.5,221
4.379999999999951,65,-65,-67,52,-53,63,58.0,222
4.389999999999951,65,-65,-67,52,-53,62,63.2,222
4.399999999999951,65,-65,-68,52,-54,62,64.5,223
4.40999999999995,65,-65,-69,53,-54,62,57.8,224
4.41999999999995,65,-65,-69,53,-55,62,59.0,224
4.42999999999995,65,-65,-70,54,-55,63,60.4,225
4.43999999999995,65,-65,-69,54,-56,63,66.3,225
4.4499999999999496,65,-65,-69,55,-56,64,65.2,226
4.459999999999949,65,-65,-68,56,-57,64,61.1,227
4.469999999999949,65,-65,-67,58,-58,65,68.4,227
4.479999999999949,65,-65,-66,59,-59,65,61.5,228
4.489999999999949,65,-65,-65,60,-59,65,55.2,229
4.4999999999999485,65,-65,-63,61,-60,66,58.7,229
4.509999999999948,65,-65,-61,61,-60,66,63.5,230
4.519999999999948,65,-65,-60,62,-61,66,58.3,230
4.529999999999948,65,-65,-58,62,-61,66,51.5,231
4.539999999999948,65,-65,-56,62,-61,66,61.1,232
4.549999999999947,65,-65,-55,62,-62,65,58.8,232
4.559999999999947,65,-65,-54,61,-62,65,49.4,233
4.569999999999947,65,-65,-53,59,-63,65,57.0,233
4.579999999999947,65,-65,-53,58,-63,65,66.4,234
4.589999999999947,65,-65,-53,57,-63,64,59.6,234
4.599999999999946,65,-65,-54,56,-63,64,50.9,235
4.609999999999946,65,-65,-54,55,-63,64,58.7,236
4.619999999999946,65,-65,-55,55,-62,65,60.2,236
4.629999999999946,65,-65,-55,56,-62,65,68.4,237
4.6399999999999455,65,-65,-55,57,-61,65,57.4,237
4.649999999999945,65,-65,-56,59,-60,65,61.8,238
4.659999999999945,65,-65,-57,61,-60,65,70.9,239
4.669999999999945,65,-65,-58,63,-60,65,69.0,239
4.679999999999945,65,-65,-59,64,-60,64,54.7,240
4.689999999999944,65,-65,-60,65,-61,63,66.8,241
4.699999999999944,65,-65,-61,65,-63,61,71.7,241
4.709999999999944,65,-65,-62,65,-64,60,61.0,242
4.719999999999944,65,-65,-62,66,-65,59,62.2,243
4.729999999999944,65,-65,-63,67,-66,58,70.1,243
4.739999999999943,65,-65,-64,69,-67,58,72.1,244
4.749999999999943,65,-65,-64,71,-67,57,64.0,245
4.759999999999943,65,-65,-65,72,-67,57,62.6,245
4.769999999999943,65,-65,-65,73,-67,56,64.4,246
4.7799999999999425,65,-65,-65,74,-67,56,57.7,246
4.789999999999942,65,-65,-65,74,-68,56,60.4,247
4.799999999999942,65,-65,-65,73,-68,55,60.4,248
4.809999999999942,65,-65,-65,72,-69,56,61.0,248
4.819999999999942,65,-65,-65,71,-69,56,61.5,249
4.8299999999999415,65,-65,-64,70,-70,55,57.3,249
4.839999999999941,65,-65,-64,68,-71,55,58.5,250
4.849999999999941,65,-65,-63,66,-71,55,59.9,251
4.859999999999941,65,-65,-62,64,-72,54,58.3,251
4.869999999999941,65,-65,-62,62,-73,54,64.9,252
4.87999999999994,65,-65,-61,61,-73,54,64.5,253
4.88999999999994,65,-65,-60,60,-73,54,58.1,253
4.89999999999994,65,-65,-59,59,-74,54,52.7,254
4.90999999999994,65,-65,-57,58,-74,54,63.9,254
4.9199999999999395,65,-65,-56,57,-75,55,67.7,255
4.929999999999939,65,-65,-55,56,-75,55,57.1,256
4.939999999999939,65,-65,-54,55,-76,55,60.6,256
4.949999999999939,65,-65,-54,55,-76,55,65.2,257
4.959999999999939,65,-65,-54,54,-77,56,62.9,257
4.9699999999999385,65,-65,-54,54,-77,56,64.2,258
4.979999999999938,65,-65,-54,55,-77,56,62.2,259
4.989999999999938,0,0,-54,56,-77,56,65.6,259
4.999999999999938,0,0,-54,57,-76,56,65.8,260
5.009999999999938,0,0,-54,58,-76,56,61.6,261
5.019999999999937,0,0,-54,58,-76,56,52.1,261
5.029999999999937,0,0,-54,58,-74,56,45.2,262
5.039999999999937,0,0,-53,57,-73,55,21.0,262
5.049999999999937,0,0,-53,56,-70,53,19.6,262
5.0599999999999365,0,0,-53,54,-68,52,22.3,262
5.069999999999936,0,0,-52,51,-64,50,24.7,262
5.079999999999936,0,0,-52,48,-60,47,14.4,263
5.089999999999936,0,0,-50,46,-57,44,9.9,263
5.099999999999936,0,0,-47,43,-53,41,11.5,263
5.1099999999999355,0,0,-43,40,-49,38,8.7,263
5.119999999999935,0,0,-39,37,-46,35,6.5,263
5.129999999999935,0,0,-35,34,-43,33,10.7,263
5.139999999999935,0,0,-32,31,-41,31,13.5,263
5.149999999999935,0,0,-28,28,-38,29,10.4,263
5.159999999999934,0,0,-25,25,-37,27,8.5,263
5.169999999999934,0,0,-23,23,-34,26,8.8,263
5.179999999999934,0,0,-20,21,-31,24,8.0,264
5.189999999999934,0,0,-18,20,-28,22,3.5,264
5.199999999999934,0,0,-17,18,-26,21,3.8,264
5.209999999999933,0,0,-15,17,-23,19,5.0,264
5.219999999999933,0,0,-13,16,-20,17,9.2,264
5.229999999999933,0,0,-12,15,-18,16,10.6,264
5.239999999999933,0,0,-11,14,-16,15,7.1,264
5.2499999999999325,0,0,-10,13,-14,14,4.2,264
