t,i1,i2,i3,i4,i5,i6,i7,i8
0.0,22,-22,0,0,0,0,-0.0,0
0.01,22,-22,0,0,0,0,-0.0,0
0.02,22,-22,0,0,0,0,0.1,0
0.03,22,-22,0,0,0,0,1.2,0
0.04,22,-22,0,0,0,0,1.0,0
0.05,22,-22,0,0,0,0,0.5,0
0.060000000000000005,22,-22,0,0,0,0,-0.3,0
0.07,22,-22,0,0,0,0,0.4,0
0.08,22,-22,0,0,0,0,0.8,0
0.09,22,-22,0,0,0,0,0.7,0
0.09999999999999999,22,-22,0,0,0,0,0.2,0
0.10999999999999999,22,-22,0,0,0,0,0.3,0
0.11999999999999998,22,-22,0,0,0,0,0.6,0
0.12999999999999998,22,-22,0,0,0,0,0.9,0
0.13999999999999999,22,-22,0,0,0,0,0.7,0
0.15,22,-22,0,0,0,0,0.7,0
0.16,22,-22,0,0,0,0,0.5,0
0.17,22,-22,0,0,0,0,0.5,0
0.18000000000000002,22,-22,0,0,0,0,0.7,0
0.19000000000000003,22,-22,0,0,0,0,0.8,0
0.20000000000000004,22,-22,0,0,0,0,0.7,0
0.21000000000000005,22,-22,0,0,0,0,0.6,0
0.22000000000000006,22,-22,0,0,0,0,0.5,0
0.23000000000000007,22,-22,0,0,0,0,0.9,0
0.24000000000000007,22,-22,0,0,0,0,0.6,0
0.25000000000000006,22,-22,0,0,0,0,0.9,0
0.26000000000000006,22,-22,0,0,0,0,1.1,0
0.2700000000000001,22,-22,0,0,0,0,1.6,0
0.2800000000000001,22,-22,0,0,0,0,1.6,0
0.2900000000000001,22,-22,0,0,0,0,0.9,0
0.3000000000000001,22,-22,0,0,0,0,0.3,0
0.3100000000000001,22,-22,0,0,0,0,1.1,0
0.3200000000000001,22,-22,0,0,0,0,1.6,0
0.3300000000000001,22,-22,0,0,0,0,1.8,0
0.34000000000000014,22,-22,0,0,0,0,1.3,0
0.35000000000000014,22,-22,0,0,0,0,0.9,0
0.36000000000000015,22,-22,0,0,0,0,1.2,0
0.37000000000000016,22,-22,0,0,0,0,1.5,0
0.38000000000000017,22,-22,0,0,0,0,1.7,0
0.3900000000000002,22,-22,0,0,0,0,1.5,0
0.4000000000000002,22,-22,0,0,0,0,0.4,0
0.4100000000000002,22,-22,0,0,0,0,0.9,0
0.4200000000000002,22,-22,0,0,0,0,1.0,0
0.4300000000000002,22,-22,0,0,0,0,1.2,0
0.4400000000000002,22,-22,0,0,0,0,1.3,0
0.45000000000000023,22,-22,0,0,0,0,1.4,0
0.46000000000000024,22,-22,0,0,0,0,1.4,0
0.47000000000000025,22,-22,0,0,0,0,1.4,0
0.48000000000000026,22,-22,0,0,0,0,1.3,0
0.49000000000000027,22,-22,0,0,0,0,1.3,0
0.5000000000000002,22,-22,0,0,0,0,1.6,0
0.5100000000000002,22,-22,0,0,0,0,1.8,0
0.5200000000000002,22,-22,0,0,0,0,1.6,0
0.5300000000000002,22,-22,0,0,0,0,1.1,0
0.5400000000000003,22,-22,0,0,0,0,1.0,0
0.5500000000000003,22,-22,0,0,0,0,0.5,0
0.5600000000000003,22,-22,0,0,0,0,0.8,0
0.5700000000000003,22,-22,0,0,0,0,0.5,0
0.5800000000000003,22,-22,0,0,0,0,0.7,0
0.5900000000000003,22,-22,0,0,0,0,0.7,0
0.6000000000000003,22,-22,0,0,0,0,0.8,0
0.6100000000000003,22,-22,0,0,0,0,1.1,0
0.6200000000000003,22,-22,0,0,0,0,0.9,0
0.6300000000000003,22,-22,0,0,0,0,0.9,0
0.6400000000000003,22,-22,0,0,0,0,0.8,0
0.6500000000000004,22,-22,0,0,0,0,1.1,0
0.6600000000000004,22,-22,0,0,0,0,1.3,0
0.6700000000000004,22,-22,0,0,0,0,1.3,0
0.6800000000000004,22,-22,0,0,0,0,1.7,0
0.6900000000000004,22,-22,0,0,0,0,2.0,0
0.7000000000000004,22,-22,0,0,0,0,0.7,0
0.7100000000000004,22,-22,0,0,0,0,-0.1,0
0.7200000000000004,22,-22,0,0,0,0,-0.0,0
0.7300000000000004,22,-22,0,0,0,0,0.3,0
0.7400000000000004,22,-22,0,0,0,0,0.7,0
0.7500000000000004,22,-22,0,0,0,0,0.8,0
0.7600000000000005,22,-22,0,0,0,0,0.5,0
0.7700000000000005,22,-22,0,0,0,0,0.5,0
0.7800000000000005,22,-22,0,0,0,0,0.7,0
0.7900000000000005,22,-22,0,0,0,0,1.0,0
0.8000000000000005,22,-22,0,0,0,0,1.1,0
0.8100000000000005,22,-22,0,0,0,0,0.8,0
0.8200000000000005,22,-22,0,0,0,0,1.0,0
0.8300000000000005,22,-22,-1,0,0,0,1.0,0
0.8400000000000005,22,-22,-1,0,0,0,1.5,0
0.8500000000000005,22,-22,-1,0,0,0,1.2,0
0.8600000000000005,22,-22,-2,0,0,0,1.4,0
0.8700000000000006,22,-22,-2,0,0,0,1.4,0
0.8800000000000006,22,-22,-2,0,0,0,1.7,0
0.8900000000000006,22,-22,-2,0,0,0,1.9,0
0.9000000000000006,22,-22,-2,0,0,0,0.8,0
0.9100000000000006,22,-22,-2,0,0,0,0.5,0
0.9200000000000006,22,-22,-2,0,0,0,0.4,0
0.9300000000000006,22,-22,-2,0,0,0,1.1,0
0.9400000000000006,22,-22,-3,0,0,1,1.5,0
0.9500000000000006,22,-22,-3,0,0,2,2.0,0
0.9600000000000006,22,-22,-2,0,0,5,2.1,0
0.9700000000000006,22,-22,-2,0,0,7,1.6,0
0.9800000000000006,22,-22,-2,0,0,10,1.8,0
0.9900000000000007,22,-22,-2,0,0,12,1.7,1
1.0000000000000007,22,-22,-2,0,0,14,1.8,1
1.0100000000000007,22,-22,-2,0,-1,16,2.2,1
1.0200000000000007,22,-22,-2,0,-1,18,2.5,1
1.0300000000000007,22,-22,-2,0,-1,19,1.8,1
1.0400000000000007,22,-22,-2,0,-1,20,0.8,1
1.0500000000000007,22,-22,-2,0,-1,21,1.3,1
1.0600000000000007,22,-22,-2,0,-1,22,2.2,1
1.0700000000000007,22,-22,-3,0,-1,23,2.6,1
1.0800000000000007,22,-22,-3,0,-1,23,1.8,1
1.0900000000000007,22,-22,-3,0,-1,24,1.7,1
1.1000000000000008,22,-22,-3,0,-1,24,1.5,1
1.1100000000000008,22,-22,-3,0,-2,23,2.0,1
1.1200000000000008,22,-22,-3,0,-2,22,3.1,1
1.1300000000000008,22,-22,-3,0,-1,21,3.2,1
1.1400000000000008,22,-22,-3,0,-1,19,3.3,1
1.1500000000000008,22,-22,-3,0,-1,17,3.2,1
1.1600000000000008,22,-22,-3,0,-1,15,2.6,1
1.1700000000000008,22,-22,-3,0,-1,14,2.8,1
1.1800000000000008,22,-22,-3,1,-1,12,2.9,1
1.1900000000000008,22,-22,-2,3,0,11,3.5,1
1.2000000000000008,22,-22,-2,5,0,10,3.1,1
1.2100000000000009,22,-22,-2,8,0,9,1.6,1
1.2200000000000009,22,-22,-1,10,0,8,1.8,1
1.2300000000000009,22,-22,-1,13,-1,8,2.5,1
1.2400000000000009,22,-22,-1,15,-1,7,3.6,1
1.2500000000000009,22,-22,0,17,-1,7,3.5,1
1.260000000000001,22,-22,0,18,-2,7,3.4,1
1.270000000000001,22,-22,0,20,-2,6,3.6,1
1.280000000000001,22,-22,0,21,-2,6,3.1,1
1.290000000000001,22,-22,-1,22,-2,5,4.5,1
1.300000000000001,22,-22,-1,22,-3,5,5.6,1
1.310000000000001,22,-22,-1,23,-3,4,4.6,1
1.320000000000001,22,-22,-1,23,-3,3,2.4,1
1.330000000000001,22,-22,-1,24,-3,3,3.5,1
1.340000000000001,22,-22,-2,24,-3,2,4.4,1
1.350000000000001,22,-22,-2,24,-3,1,5.5,2
1.360000000000001,22,-22,-2,24,-3,1,5.4,2
1.370000000000001,22,-22,-2,24,-4,0,4.4,2
1.380000000000001,22,-22,-2,24,-3,0,3.0,2
1.390000000000001,22,-22,-2,23,-3,0,3.1,2
1.400000000000001,22,-22,-2,21,-3,-1,2.2,2
1.410000000000001,22,-22,-2,19,-2,-1,3.0,2
1.420000000000001,22,-22,-2,16,-2,-2,4.0,2
1.430000000000001,22,-22,-2,14,-2,-2,3.6,2
1.440000000000001,22,-22,-2,12,-2,-3,4.4,2
1.450000000000001,22,-22,-2,10,-2,-3,3.7,2
1.460000000000001,22,-22,-2,8,-2,-3,3.7,2
1.470000000000001,22,-22,-2,7,-2,-3,5.1,2
1.480000000000001,22,-22,-3,7,-2,-3,3.8,2
1.490000000000001,22,-22,-3,7,-3,-4,2.6,2
1.500000000000001,22,-22,-3,9,-3,-4,3.2,2
1.5100000000000011,22,-22,-3,10,-3,-4,5.2,2
1.5200000000000011,22,-22,-3,12,-3,-3,5.0,2
1.5300000000000011,22,-22,-4,14,-3,-3,3.8,2
1.5400000000000011,22,-22,-4,15,-3,-3,3.7,2
1.5500000000000012,22,-22,-4,16,-3,-2,3.2,2
1.5600000000000012,22,-22,-4,17,-3,-1,3.6,2
1.5700000000000012,22,-22,-4,17,-3,-1,4.2,2
1.5800000000000012,22,-22,-4,18,-4,0,5.2,2
1.5900000000000012,22,-22,-4,18,-4,0,5.0,2
1.6000000000000012,22,-22,-4,19,-4,1,3.9,3
1.6100000000000012,22,-22,-5,20,-4,2,4.0,3
1.6200000000000012,22,-22,-5,20,-4,2,3.4,3
1.6300000000000012,22,-22,-5,21,-5,3,3.5,3
1.6400000000000012,22,-22,-5,21,-5,3,4.3,3
1.6500000000000012,22,-22,-5,22,-5,4,5.6,3
1.6600000000000013,22,-22,-5,22,-5,4,5.5,3
1.6700000000000013,22,-22,-5,23,-5,4,4.0,3
1.6800000000000013,22,-22,-5,23,-5,4,3.7,3
1.6900000000000013,22,-22,-5,23,-5,4,3.1,3
1.7000000000000013,22,-22,-5,23,-5,5,5.2,3
1.7100000000000013,22,-22,-5,23,-5,5,5.8,3
1.7200000000000013,22,-22,-5,24,-5,4,7.5,3
1.7300000000000013,22,-22,-5,24,-6,4,7.1,3
1.7400000000000013,22,-22,-6,24,-6,4,5.0,3
1.7500000000000013,22,-22,-6,24,-6,3,4.4,3
1.7600000000000013,22,-22,-6,24,-6,3,4.4,3
1.7700000000000014,22,-22,-6,24,-6,2,4.6,3
1.7800000000000014,22,-22,-6,24,-6,2,5.5,3
1.7900000000000014,22,-22,-6,23,-6,2,5.3,3
1.8000000000000014,22,-22,-6,21,-6,2,5.4,4
1.8100000000000014,22,-22,-6,19,-6,2,5.5,4
1.8200000000000014,22,-22,-6,16,-6,2,5.1,4
1.8300000000000014,22,-22,-6,14,-6,2,7.1,4
1.8400000000000014,22,-22,-6,11,-6,2,9.1,4
1.8500000000000014,22,-22,-6,9,-6,2,7.6,4
1.8600000000000014,22,-22,-6,7,-6,3,7.5,4
1.8700000000000014,22,-22,-6,6,-6,3,6.0,4
1.8800000000000014,22,-22,-6,5,-6,3,6.3,4
1.8900000000000015,22,-22,-7,4,-6,3,7.8,4
1.9000000000000015,22,-22,-7,3,-7,3,8.3,4
1.9100000000000015,22,-22,-7,3,-7,3,5.5,4
1.9200000000000015,22,-22,-7,3,-7,3,5.1,4
1.9300000000000015,22,-22,-7,3,-7,3,6.5,4
1.9400000000000015,22,-22,-7,2,-7,3,7.1,4
1.9500000000000015,22,-22,-7,2,-7,3,8.2,5
1.9600000000000015,22,-22,-7,3,-8,3,7.2,5
1.9700000000000015,22,-22,-7,3,-8,3,8.0,5
1.9800000000000015,22,-22,-7,3,-8,3,8.0,5
1.9900000000000015,22,-22,-7,3,-8,4,9.5,5
2.0000000000000013,22,-22,-7,3,-9,4,9.4,5
2.010000000000001,22,-22,-7,3,-9,4,7.1,5
2.020000000000001,22,-22,-7,3,-9,4,5.8,5
2.0300000000000007,22,-22,-8,3,-9,4,7.7,5
2.0400000000000005,22,-22,-8,2,-9,4,9.1,5
2.0500000000000003,22,-22,-8,2,-9,4,9.0,5
2.06,22,-22,-8,2,-9,4,7.1,5
2.07,22,-22,-8,1,-9,4,6.9,5
2.0799999999999996,22,-22,-8,1,-9,5,7.3,6
2.0899999999999994,22,-22,-8,1,-9,5,8.8,6
2.099999999999999,22,-22,-8,1,-9,5,8.5,6
2.109999999999999,22,-22,-8,1,-9,6,7.6,6
2.1199999999999988,22,-22,-8,1,-9,6,6.1,6
2.1299999999999986,22,-22,-8,2,-9,6,8.4,6
2.1399999999999983,22,-22,-9,2,-9,7,12.6,6
2.149999999999998,22,-22,-9,2,-9,7,8.6,6
2.159999999999998,22,-22,-9,2,-9,7,5.7,6
2.1699999999999977,22,-22,-9,3,-9,7,10.2,6
2.1799999999999975,22,-22,-9,3,-9,7,10.6,6
2.1899999999999973,22,-22,-9,3,-9,7,8.0,7
2.199999999999997,22,-22,-9,3,-9,7,3.4,7
2.209999999999997,22,-22,-10,3,-9,7,7.8,7
2.2199999999999966,22,-22,-10,3,-9,8,9.3,7
2.2299999999999964,22,-22,-10,3,-9,8,10.6,7
2.239999999999996,22,-22,-11,3,-9,8,8.4,7
2.249999999999996,22,-22,-12,4,-9,8,7.2,7
2.259999999999996,22,-22,-12,4,-9,8,12.4,7
2.2699999999999956,22,-22,-13,4,-9,8,13.6,7
2.2799999999999954,22,-22,-13,4,-9,8,11.4,7
2.289999999999995,22,-22,-14,4,-9,9,12.5,7
2.299999999999995,22,-22,-14,5,-9,9,10.6,8
2.3099999999999947,22,-22,-14,5,-9,10,8.9,8
2.3199999999999945,22,-22,-14,5,-9,11,9.2,8
2.3299999999999943,22,-22,-14,5,-10,12,15.2,8
2.339999999999994,22,-22,-14,5,-10,13,15.4,8
2.349999999999994,22,-22,-14,5,-11,14,12.0,8
2.3599999999999937,22,-22,-13,5,-11,15,11.2,8
2.3699999999999934,22,-22,-13,5,-12,15,11.7,8
2.3799999999999932,22,-22,-13,5,-12,16,12.3,9
2.389999999999993,22,-22,-13,5,-13,16,13.7,9
2.399999999999993,22,-22,-13,6,-13,16,16.3,9
2.4099999999999926,22,-22,-13,5,-14,16,13.9,9
2.4199999999999924,22,-22,-13,5,-14,16,12.3,9
2.429999999999992,22,-22,-14,5,-15,16,11.5,9
2.439999999999992,22,-22,-15,4,-15,16,16.3,9
2.4499999999999917,22,-22,-16,4,-16,16,14.5,10
2.4599999999999915,22,-22,-18,4,-16,16,15.2,10
2.4699999999999913,22,-22,-20,4,-16,16,11.7,10
2.479999999999991,22,-22,-21,4,-16,17,13.7,10
2.489999999999991,22,-22,-23,4,-17,17,15.1,10
2.4999999999999907,22,-22,-24,4,-17,17,15.0,10
2.5099999999999905,22,-22,-25,4,-18,17,13.7,10
2.5199999999999902,22,-22,-26,4,-19,17,13.7,10
2.52999999999999,22,-22,-27,4,-19,17,13.6,11
2.53999999999999,22,-22,-27,4,-20,16,17.0,11
2.5499999999999896,22,-22,-27,4,-21,16,15.4,11
2.5599999999999894,22,-22,-26,4,-21,16,19.9,11
2.569999999999989,22,-22,-25,4,-22,16,19.1,11
2.579999999999989,22,-22,-24,4,-23,17,20.9,12
2.5899999999999888,22,-22,-24,4,-23,17,20.8,12
2.5999999999999885,22,-22,-23,4,-24,18,25.2,12
2.6099999999999883,22,-22,-23,3,-24,19,14.9,12
2.619999999999988,22,-22,-23,3,-25,20,15.9,12
2.629999999999988,22,-22,-24,3,-25,21,15.7,12
2.6399999999999877,22,-22,-24,3,-26,22,14.7,13
2.6499999999999875,22,-22,-25,3,-26,23,14.8,13
2.6599999999999873,22,-22,-25,3,-26,23,21.2,13
2.669999999999987,22,-22,-26,3,-26,24,22.0,13
2.679999999999987,22,-22,-26,3,-26,24,19.5,13
2.6899999999999866,22,-22,-25,4,-26,25,18.9,14
2.6999999999999864,22,-22,-25,4,-27,25,19.0,14
2.709999999999986,22,-22,-24,4,-27,25,19.9,14
2.719999999999986,22,-22,-24,4,-28,25,18.9,14
2.7299999999999858,22,-22,-24,4,-29,26,19.7,14
2.7399999999999856,22,-22,-25,4,-29,25,15.8,15
2.7499999999999853,22,-22,-25,4,-29,25,10.9,15
2.759999999999985,22,-22,-25,5,-29,25,14.0,15
2.769999999999985,22,-22,-24,5,-28,24,15.3,15
2.7799999999999847,22,-22,-24,5,-28,24,15.9,15
2.7899999999999845,22,-22,-23,5,-27,24,12.8,15
2.7999999999999843,22,-22,-23,6,-26,23,13.6,15
2.809999999999984,22,-22,-23,6,-25,23,12.6,15
2.819999999999984,22,-22,-22,6,-24,22,13.2,16
2.8299999999999836,22,-22,-22,6,-23,22,13.5,16
2.8399999999999834,22,-22,-22,6,-22,21,8.3,16
2.849999999999983,22,-22,-22,6,-21,21,10.9,16
2.859999999999983,22,-22,-22,6,-21,20,12.7,16
2.869999999999983,22,-22,-22,6,-20,19,12.3,16
2.8799999999999826,22,-22,-21,6,-20,19,11.8,16
2.8899999999999824,22,-22,-21,6,-19,18,11.1,16
2.899999999999982,22,-22,-21,7,-19,17,14.9,17
2.909999999999982,22,-22,-21,7,-19,16,16.9,17
2.9199999999999817,22,-22,-21,7,-19,16,15.3,17
2.9299999999999815,22,-22,-20,7,-19,16,18.3,17
2.9399999999999813,22,-22,-20,7,-19,16,21.9,17
2.949999999999981,22,-22,-19,7,-19,17,18.9,17
2.959999999999981,22,-22,-18,7,-18,18,15.0,18
2.9699999999999807,22,-22,-17,7,-18,19,11.6,18
2.9799999999999804,22,-22,-17,7,-18,20,19.2,18
2.9899999999999802,22,-22,-16,7,-18,21,26.3,18
2.99999999999998,22,-22,-16,7,-18,23,24.1,18
3.00999999999998,22,-22,-16,7,-19,23,22.7,19
3.0199999999999796,22,-22,-17,8,-19,24,19.7,19
3.0299999999999794,22,-22,-17,8,-20,25,21.4,19
3.039999999999979,22,-22,-17,9,-20,26,21.7,19
3.049999999999979,22,-22,-18,10,-21,27,18.7,19
3.0599999999999787,22,-22,-18,12,-22,27,20.2,20
3.0699999999999785,22,-22,-19,13,-22,27,20.8,20
3.0799999999999783,22,-22,-20,14,-23,27,20.5,20
3.089999999999978,22,-22,-21,15,-23,27,16.7,20
3.099999999999978,22,-22,-22,15,-23,27,22.7,20
3.1099999999999777,22,-22,-23,16,-24,26,21.7,21
3.1199999999999775,22,-22,-23,16,-24,26,15.6,21
3.1299999999999772,22,-22,-24,16,-24,26,15.5,21
3.139999999999977,22,-22,-24,16,-24,26,19.4,21
3.149999999999977,22,-22,-24,15,-24,27,17.2,21
3.1599999999999766,22,-22,-24,15,-24,27,17.1,22
3.1699999999999764,22,-22,-24,15,-23,27,18.9,22
3.179999999999976,22,-22,-23,15,-23,28,18.1,22
3.189999999999976,22,-22,-23,14,-22,28,15.4,22
3.1999999999999758,22,-22,-22,14,-21,29,12.9,22
3.2099999999999755,22,-22,-22,14,-21,29,16.6,22
3.2199999999999753,22,-22,-21,13,-21,29,22.9,23
3.229999999999975,22,-22,-20,13,-20,30,19.5,23
3.239999999999975,22,-22,-19,14,-20,29,10.7,23
3.2499999999999747,22,-22,-18,14,-20,29,15.6,23
3.2599999999999745,22,-22,-17,15,-20,28,23.1,23
3.2699999999999743,22,-22,-17,16,-20,27,20.6,23
3.279999999999974,22,-22,-17,16,-20,26,15.9,24
3.289999999999974,22,-22,-17,17,-19,26,15.4,24
3.2999999999999736,22,-22,-17,17,-19,25,15.7,24
3.3099999999999734,22,-22,-18,17,-19,25,15.6,24
3.319999999999973,22,-22,-18,17,-19,25,12.5,24
3.329999999999973,22,-22,-19,17,-19,26,14.6,24
3.3399999999999728,22,-22,-20,17,-18,26,18.9,25
3.3499999999999726,22,-22,-21,17,-18,27,19.6,25
3.3599999999999723,22,-22,-21,17,-17,27,20.1,25
3.369999999999972,22,-22,-21,16,-17,26,10.8,25
3.379999999999972,22,-22,-21,16,-17,26,12.4,25
3.3899999999999717,22,-22,-21,16,-17,25,19.0,25
3.3999999999999715,22,-22,-20,15,-18,25,23.5,26
3.4099999999999713,22,-22,-20,15,-18,24,21.7,26
3.419999999999971,22,-22,-20,15,-18,23,18.3,26
3.429999999999971,22,-22,-21,14,-19,23,16.8,26
3.4399999999999706,22,-22,-21,14,-19,23,20.2,26
3.4499999999999704,22,-22,-22,14,-20,23,22.2,27
3.45999999999997,22,-22,-22,13,-20,23,22.9,27
3.46999999999997,22,-22,-23,13,-21,23,18.3,27
3.47999999999997,22,-22,-24,12,-21,24,21.6,27
3.4899999999999696,22,-22,-24,12,-22,24,21.0,27
3.4999999999999694,22,-22,-24,12,-22,25,24.9,28
3.509999999999969,22,-22,-24,11,-23,26,20.8,28
3.519999999999969,22,-22,-24,11,-24,26,19.6,28
3.5299999999999687,22,-22,-23,11,-24,26,17.3,28
3.5399999999999685,22,-22,-23,11,-25,27,20.8,28
3.5499999999999683,22,-22,-24,11,-25,27,20.2,29
3.559999999999968,22,-22,-24,11,-26,27,16.0,29
3.569999999999968,22,-22,-24,11,-26,27,18.6,29
3.5799999999999677,22,-22,-23,10,-26,27,17.6,29
3.5899999999999674,22,-22,-23,10,-26,27,24.7,29
3.5999999999999672,22,-22,-23,10,-26,26,21.4,30
3.609999999999967,22,-22,-23,11,-26,26,20.9,30
3.619999999999967,22,-22,-23,11,-26,26,24.0,30
3.6299999999999666,22,-22,-23,11,-26,25,24.3,30
3.6399999999999664,22,-22,-24,11,-27,25,20.1,31
3.649999999999966,22,-22,-24,11,-27,25,23.0,31
3.659999999999966,22,-22,-24,11,-27,25,20.7,31
3.6699999999999657,22,-22,-24,11,-28,25,22.0,31
3.6799999999999655,22,-22,-24,12,-27,25,23.1,31
3.6899999999999653,22,-22,-23,12,-27,26,20.7,32
3.699999999999965,22,-22,-23,12,-27,26,21.8,32
3.709999999999965,22,-22,-23,13,-26,26,17.9,32
3.7199999999999647,22,-22,-22,13,-26,27,17.6,32
3.7299999999999645,22,-22,-22,13,-26,27,15.4,32
3.7399999999999642,22,-22,-22,14,-25,27,16.3,33
3.749999999999964,22,-22,-21,14,-25,28,16.1,33
3.759999999999964,22,-22,-21,14,-25,28,12.7,33
3.7699999999999636,22,-22,-21,14,-24,28,14.5,33
3.7799999999999634,22,-22,-20,14,-23,28,14.4,33
3.789999999999963,22,-22,-20,14,-23,27,17.5,33
3.799999999999963,22,-22,-20,14,-22,27,20.1,34
3.8099999999999627,22,-22,-20,14,-21,26,20.0,34
3.8199999999999625,22,-22,-20,13,-21,26,19.5,34
3.8299999999999623,22,-22,-20,12,-21,25,22.2,34
3.839999999999962,22,-22,-21,11,-21,24,24.1,34
3.849999999999962,22,-22,-21,11,-22,23,28.0,35
3.8599999999999617,22,-22,-22,10,-22,22,23.6,35
3.8699999999999615,22,-22,-23,9,-23,21,12.5,35
3.8799999999999613,22,-22,-24,9,-23,20,10.9,35
3.889999999999961,22,-22,-25,8,-24,20,16.6,35
3.899999999999961,22,-22,-25,8,-24,19,23.7,36
3.9099999999999606,22,-22,-26,8,-24,19,15.3,36
3.9199999999999604,22,-22,-26,8,-24,19,20.2,36
3.92999999999996,22,-22,-26,8,-23,19,25.2,36
3.93999999999996,22,-22,-26,8,-23,19,22.5,36
3.9499999999999598,22,-22,-26,8,-23,18,18.9,37
3.9599999999999596,22,-22,-26,8,-24,18,14.9,37
3.9699999999999593,22,-22,-26,9,-24,18,16.6,37
3.979999999999959,22,-22,-25,9,-23,18,20.0,37
3.989999999999959,22,-22,-25,9,-23,18,20.6,37
3.9999999999999587,22,-22,-25,10,-23,18,17.6,37
4.009999999999959,22,-22,-24,10,-22,18,12.8,38
4.019999999999959,22,-22,-24,10,-22,19,16.4,38
4.0299999999999585,22,-22,-23,10,-22,19,18.3,38
4.039999999999958,22,-22,-23,11,-22,19,19.8,38
4.049999999999958,22,-22,-23,11,-22,20,22.5,38
4.059999999999958,22,-22,-23,11,-22,20,21.9,39
4.069999999999958,22,-22,-23,11,-22,21,20.1,39
4.079999999999957,22,-22,-22,12,-21,21,16.1,39
4.089999999999957,22,-22,-22,13,-21,21,21.3,39
4.099999999999957,22,-22,-22,15,-21,20,22.4,39
4.109999999999957,22,-22,-21,16,-20,21,14.7,40
4.119999999999957,22,-22,-21,18,-20,21,13.1,40
4.129999999999956,22,-22,-21,19,-20,21,12.4,40
4.139999999999956,22,-22,-21,20,-19,21,11.4,40
4.149999999999956,22,-22,-21,21,-19,22,15.0,40
4.159999999999956,22,-22,-20,22,-19,22,19.0,40
4.1699999999999555,22,-22,-20,22,-18,23,18.7,40
4.179999999999955,22,-22,-20,21,-17,23,17.9,41
4.189999999999955,22,-22,-20,20,-16,24,19.1,41
4.199999999999955,22,-22,-20,20,-16,24,26.7,41
4.209999999999955,22,-22,-20,20,-15,24,31.7,41
4.2199999999999545,22,-22,-20,20,-16,24,22.2,42
4.229999999999954,22,-22,-19,20,-16,25,19.4,42
4.239999999999954,22,-22,-18,20,-17,25,21.0,42
4.249999999999954,22,-22,-17,21,-18,26,25.5,42
4.259999999999954,22,-22,-16,21,-18,27,23.6,42
4.269999999999953,22,-22,-15,22,-19,28,13.6,43
4.279999999999953,22,-22,-15,23,-19,29,18.4,43
4.289999999999953,22,-22,-15,23,-19,30,19.4,43
4.299999999999953,22,-22,-15,23,-19,30,19.6,43
4.3099999999999525,22,-22,-15,23,-18,31,19.0,43
4.319999999999952,22,-22,-16,23,-18,31,18.4,44
4.329999999999952,22,-22,-16,23,-17,30,17.4,44
4.339999999999952,22,-22,-16,23,-16,30,16.1,44
4.349999999999952,22,-22,-17,23,-16,29,17.0,44
4.3599999999999515,22,-22,-17,23,-15,28,20.7,44
4.369999999999951,22,-22,-18,23,-15,28,16.7,44
4.379999999999951,22,-22,-18,23,-14,27,10.4,45
4.389999999999951,22,-22,-18,22,-14,27,17.0,45
4.399999999999951,22,-22,-18,22,-13,27,28.7,45
4.40999999999995,22,-22,-18,21,-13,26,23.6,45
4.41999999999995,22,-22,-17,20,-13,26,17.5,45
4.42999999999995,22,-22,-17,20,-13,25,16.7,46
4.43999999999995,22,-22,-17,20,-13,25,21.1,46
4.4499999999999496,22,-22,-17,20,-14,24,21.3,46
4.459999999999949,22,-22,-17,20,-14,24,23.9,46
4.469999999999949,22,-22,-18,20,-15,24,23.6,46
4.479999999999949,22,-22,-19,20,-15,23,18.2,47
4.489999999999949,22,-22,-20,20,-16,23,16.0,47
4.4999999999999485,22,-22,-20,20,-16,23,20.0,47
4.509999999999948,22,-22,-21,19,-17,22,20.4,47
4.519999999999948,22,-22,-22,19,-18,22,18.3,47
4.529999999999948,22,-22,-22,18,-19,21,18.6,48
4.539999999999948,22,-22,-23,17,-20,21,17.1,48
4.549999999999947,22,-22,-23,17,-21,20,19.3,48
4.559999999999947,22,-22,-23,17,-22,20,18.4,48
4.569999999999947,22,-22,-23,16,-22,19,19.4,48
4.579999999999947,22,-22,-23,16,-22,19,17.7,49
4.589999999999947,22,-22,-22,17,-22,18,18.5,49
4.599999999999946,22,-22,-22,17,-22,17,20.9,49
4.609999999999946,22,-22,-22,17,-22,17,17.9,49
4.619999999999946,22,-22,-22,17,-22,16,18.5,49
4.629999999999946,22,-22,-22,17,-22,16,17.2,49
4.6399999999999455,22,-22,-23,17,-22,15,15.5,50
4.649999999999945,22,-22,-23,16,-22,15,14.7,50
4.659999999999945,22,-22,-23,15,-23,15,11.8,50
4.669999999999945,22,-22,-23,15,-22,15,10.6,50
4.679999999999945,22,-22,-23,14,-22,15,11.1,50
4.689999999999944,22,-22,-23,13,-21,15,11.1,50
4.699999999999944,22,-22,-23,13,-20,15,10.6,50
4.709999999999944,22,-22,-23,12,-19,15,11.3,50
4.719999999999944,22,-22,-23,12,-18,15,17.4,51
4.729999999999944,22,-22,-22,12,-17,15,17.9,51
4.739999999999943,22,-22,-21,11,-16,15,15.0,51
4.749999999999943,22,-22,-20,11,-15,15,10.1,51
4.759999999999943,22,-22,-19,11,-15,16,18.4,51
4.769999999999943,22,-22,-17,11,-14,16,24.0,51
4.7799999999999425,22,-22,-16,12,-13,17,26.6,52
4.789999999999942,22,-22,-15,13,-13,19,24.4,52
4.799999999999942,22,-22,-15,13,-12,21,23.8,52
4.809999999999942,22,-22,-14,14,-11,23,28.3,52
4.819999999999942,22,-22,-13,15,-11,25,30.4,53
4.8299999999999415,22,-22,-13,16,-12,26,24.7,53
4.839999999999941,22,-22,-12,17,-12,28,27.0,53
4.849999999999941,22,-22,-11,19,-13,30,31.4,54
4.859999999999941,22,-22,-10,21,-14,31,29.0,54
4.869999999999941,22,-22,-10,23,-15,32,31.8,54
4.87999999999994,22,-22,-10,24,-16,33,30.0,55
4.88999999999994,22,-22,-10,25,-17,34,23.8,55
4.89999999999994,22,-22,-11,26,-18,35,23.4,55
4.90999999999994,22,-22,-12,27,-19,36,28.7,55
4.9199999999999395,22,-22,-14,27,-19,36,28.2,56
4.929999999999939,22,-22,-15,27,-20,37,25.1,56
4.939999999999939,22,-22,-16,27,-21,37,19.6,56
4.949999999999939,22,-22,-18,27,-21,36,21.1,56
4.959999999999939,22,-22,-19,27,-21,36,21.4,56
4.9699999999999385,22,-22,-20,27,-21,35,17.0,57
4.979999999999938,22,-22,-21,27,-21,34,16.3,57
4.989999999999938,22,-22,-22,28,-21,33,16.2,57
4.999999999999938,22,-22,-22,28,-20,32,11.4,57
5.009999999999938,22,-22,-23,28,-19,30,6.0,57
5.019999999999937,22,-22,-23,28,-19,29,8.2,57
5.029999999999937,22,-22,-23,27,-18,28,12.5,57
5.039999999999937,22,-22,-23,26,-17,27,11.6,57
5.049999999999937,22,-22,-23,25,-17,26,11.2,58
5.0599999999999365,22,-22,-23,23,-16,26,16.2,58
5.069999999999936,22,-22,-22,21,-15,24,21.5,58
5.079999999999936,22,-22,-22,20,-15,23,16.7,58
5.089999999999936,22,-22,-21,19,-14,21,14.5,58
5.099999999999936,22,-22,-20,18,-14,20,18.0,58
5.1099999999999355,22,-22,-20,17,-14,18,17.7,59
5.119999999999935,22,-22,-20,17,-15,17,10.5,59
5.129999999999935,22,-22,-20,16,-15,16,12.6,59
5.139999999999935,22,-22,-20,16,-16,15,13.3,59
5.149999999999935,22,-22,-20,16,-17,14,8.3,59
5.159999999999934,22,-22,-20,16,-18,13,8.4,59
5.169999999999934,22,-22,-20,16,-18,13,14.9,59
5.179999999999934,22,-22,-20,16,-18,13,18.0,59
5.189999999999934,22,-22,-20,15,-18,13,13.0,60
5.199999999999934,22,-22,-20,15,-18,13,8.8,60
5.209999999999933,22,-22,-20,14,-17,13,5.4,60
5.219999999999933,22,-22,-20,14,-17,12,13.3,60
5.229999999999933,22,-22,-19,13,-17,12,16.4,60
5.239999999999933,22,-22,-19,13,-16,12,14.2,60
5.2499999999999325,22,-22,-19,13,-16,12,9.2,60
5.259999999999932,22,-22,-19,12,-16,12,8.2,60
5.269999999999932,22,-22,-19,12,-16,12,14.1,60
5.279999999999932,22,-22,-19,12,-16,12,15.4,61
5.289999999999932,22,-22,-19,11,-16,12,19.9,61
5.299999999999931,22,-22,-19,11,-16,12,19.9,61
5.309999999999931,22,-22,-19,10,-16,12,18.1,61
5.319999999999931,22,-22,-19,10,-17,11,19.7,61
5.329999999999931,22,-22,-19,10,-17,11,21.4,62
5.339999999999931,22,-22,-19,10,-18,11,22.1,62
5.34999999999993,22,-22,-20,10,-19,11,21.3,62
5.35999999999993,22,-22,-21,10,-20,11,20.0,62
5.36999999999993,22,-22,-21,11,-21,11,20.2,62
5.37999999999993,22,-22,-22,11,-22,11,23.2,63
5.3899999999999295,22,-22,-23,12,-23,11,25.6,63
5.399999999999929,22,-22,-23,13,-23,12,24.7,63
5.409999999999929,22,-22,-23,14,-23,13,24.2,63
5.419999999999929,22,-22,-23,14,-23,14,28.4,64
5.429999999999929,22,-22,-23,15,-24,16,30.6,64
5.4399999999999284,22,-22,-24,16,-24,17,34.9,64
5.449999999999928,22,-22,-24,17,-25,19,31.2,65
5.459999999999928,22,-22,-24,19,-26,21,27.5,65
5.469999999999928,22,-22,-24,20,-27,23,27.8,65
5.479999999999928,22,-22,-24,22,-27,25,30.7,66
5.489999999999927,22,-22,-24,23,-28,26,24.7,66
5.499999999999927,22,-22,-23,25,-29,28,31.2,66
5.509999999999927,22,-22,-23,26,-29,29,30.5,66
5.519999999999927,22,-22,-23,27,-29,30,30.3,67
5.5299999999999265,22,-22,-23,28,-29,32,30.5,67
5.539999999999926,22,-22,-23,28,-30,33,27.6,67
5.549999999999926,22,-22,-23,29,-30,34,25.4,68
5.559999999999926,22,-22,-23,29,-31,34,26.2,68
5.569999999999926,22,-22,-24,29,-32,35,21.0,68
5.5799999999999255,22,-22,-24,30,-32,35,21.0,68
5.589999999999925,22,-22,-24,30,-31,35,18.7,68
5.599999999999925,22,-22,-24,30,-30,34,18.4,69
5.609999999999925,22,-22,-23,30,-29,34,22.6,69
5.619999999999925,22,-22,-23,30,-28,33,22.6,69
5.629999999999924,22,-22,-22,29,-27,32,26.1,69
5.639999999999924,22,-22,-21,29,-26,31,24.3,70
5.649999999999924,22,-22,-21,28,-26,30,22.1,70
5.659999999999924,22,-22,-20,27,-25,29,19.0,70
5.6699999999999235,22,-22,-20,26,-25,28,22.1,70
5.679999999999923,22,-22,-20,26,-24,27,21.6,70
5.689999999999923,22,-22,-20,26,-24,27,17.1,71
5.699999999999923,22,-22,-19,26,-23,26,11.8,71
5.709999999999923,22,-22,-19,26,-23,26,7.8,71
5.7199999999999225,22,-22,-19,26,-23,27,11.9,71
5.729999999999922,22,-22,-19,25,-22,27,17.4,71
5.739999999999922,22,-22,-18,25,-22,27,15.5,71
5.749999999999922,22,-22,-18,24,-21,27,15.8,71
5.759999999999922,22,-22,-17,23,-20,27,12.4,71
5.769999999999921,22,-22,-17,22,-19,26,13.3,72
5.779999999999921,22,-22,-16,21,-18,25,13.9,72
5.789999999999921,22,-22,-16,21,-17,24,16.9,72
5.799999999999921,22,-22,-16,20,-16,23,18.7,72
5.809999999999921,22,-22,-16,20,-15,21,16.5,72
5.81999999999992,22,-22,-16,21,-15,20,17.7,72
5.82999999999992,22,-22,-16,22,-14,19,18.9,73
5.83999999999992,22,-22,-17,23,-14,18,17.3,73
5.84999999999992,22,-22,-17,24,-14,17,19.8,73
5.8599999999999195,22,-22,-18,24,-14,16,30.1,73
5.869999999999919,22,-22,-19,24,-15,16,33.0,74
5.879999999999919,22,-22,-20,24,-16,16,28.6,74
5.889999999999919,22,-22,-21,24,-17,16,29.2,74
5.899999999999919,22,-22,-22,23,-19,17,34.3,75
5.909999999999918,22,-22,-23,23,-21,19,33.8,75
5.919999999999918,22,-22,-23,24,-23,21,35.5,75
5.929999999999918,22,-22,-24,24,-25,22,37.4,76
5.939999999999918,22,-22,-25,24,-28,24,32.5,76
5.949999999999918,22,-22,-25,25,-30,26,34.4,76
5.959999999999917,22,-22,-26,25,-33,27,39.7,77
5.969999999999917,22,-22,-27,25,-35,29,34.9,77
5.979999999999917,22,-22,-28,26,-36,31,34.1,77
5.989999999999917,22,-22,-28,26,-37,32,26.7,78
5.9999999999999165,22,-22,-29,27,-38,33,24.2,78
6.009999999999916,22,-22,-29,27,-38,34,29.3,78
6.019999999999916,22,-22,-29,28,-38,35,23.5,78
6.029999999999916,22,-22,-29,29,-37,36,27.9,79
6.039999999999916,22,-22,-29,30,-37,36,23.4,79
6.0499999999999154,22,-22,-29,30,-36,35,16.4,79
6.059999999999915,22,-22,-28,30,-36,34,15.7,79
6.069999999999915,22,-22,-27,29,-36,34,14.9,79
6.079999999999915,22,-22,-27,28,-35,33,14.1,80
6.089999999999915,22,-22,-26,27,-34,32,14.3,80
6.099999999999914,22,-22,-25,25,-33,31,16.8,80
6.109999999999914,22,-22,-24,24,-32,30,15.7,80
6.119999999999914,22,-22,-23,23,-31,29,11.7,80
6.129999999999914,22,-22,-21,22,-30,27,11.4,80
6.1399999999999135,22,-22,-20,22,-28,25,10.3,80
6.149999999999913,22,-22,-19,21,-27,23,9.8,80
6.159999999999913,22,-22,-18,21,-25,22,13.3,81
6.169999999999913,22,-22,-17,20,-24,20,15.1,81
6.179999999999913,22,-22,-17,20,-22,18,12.2,81
6.1899999999999125,22,-22,-16,20,-21,17,8.7,81
6.199999999999912,22,-22,-16,20,-20,16,13.3,81
6.209999999999912,22,-22,-15,19,-19,15,19.5,81
6.219999999999912,22,-22,-15,18,-18,14,14.0,81
6.229999999999912,22,-22,-15,17,-17,13,9.7,82
6.239999999999911,22,-22,-14,16,-17,13,13.0,82
6.249999999999911,22,-22,-14,15,-16,12,14.0,82
6.259999999999911,22,-22,-14,14,-16,12,11.5,82
6.269999999999911,22,-22,-14,13,-15,12,12.0,82
6.2799999999999105,22,-22,-14,12,-15,11,15.0,82
6.28999999999991,22,-22,-14,12,-15,11,18.3,82
6.29999999999991,22,-22,-14,11,-15,11,14.5,82
6.30999999999991,22,-22,-14,11,-15,11,12.5,83
6.31999999999991,22,-22,-14,11,-15,10,12.0,83
6.3299999999999095,22,-22,-14,11,-15,10,13.8,83
6.339999999999909,22,-22,-15,12,-15,10,15.7,83
6.349999999999909,22,-22,-15,12,-15,10,17.1,83
6.359999999999909,22,-22,-15,12,-15,10,19.5,83
6.369999999999909,22,-22,-16,13,-15,10,17.7,84
6.379999999999908,22,-22,-16,13,-15,11,17.9,84
6.389999999999908,22,-22,-17,14,-15,11,22.9,84
6.399999999999908,22,-22,-18,15,-15,11,23.9,84
6.409999999999908,22,-22,-18,16,-15,12,21.3,84
6.419999999999908,22,-22,-19,17,-15,12,23.2,85
6.429999999999907,22,-22,-20,18,-15,13,26.0,85
6.439999999999907,22,-22,-22,19,-16,13,22.3,85
6.449999999999907,22,-22,-23,20,-17,14,18.3,85
6.459999999999907,22,-22,-24,21,-18,15,18.4,86
6.4699999999999065,22,-22,-24,22,-19,15,22.9,86
6.479999999999906,22,-22,-24,23,-20,15,21.3,86
6.489999999999906,22,-22,-24,23,-21,16,26.5,86
6.499999999999906,22,-22,-24,24,-21,16,26.1,86
6.509999999999906,22,-22,-24,25,-21,16,23.0,87
6.519999999999905,22,-22,-23,25,-21,17,26.1,87
6.529999999999905,22,-22,-23,26,-21,17,28.2,87
6.539999999999905,22,-22,-23,26,-22,17,24.8,87
6.549999999999905,22,-22,-22,27,-22,18,27.4,88
6.559999999999905,22,-22,-22,27,-23,19,26.1,88
6.569999999999904,22,-22,-23,27,-23,20,23.4,88
6.579999999999904,22,-22,-23,28,-24,21,26.4,89
6.589999999999904,22,-22,-23,28,-24,22,26.1,89
6.599999999999904,22,-22,-23,28,-25,23,27.0,89
6.6099999999999035,22,-22,-23,28,-25,24,24.7,89
6.619999999999903,22,-22,-23,29,-25,24,23.9,90
6.629999999999903,22,-22,-23,29,-25,25,20.3,90
6.639999999999903,22,-22,-23,29,-25,25,17.3,90
6.649999999999903,22,-22,-23,29,-25,25,17.2,90
6.659999999999902,22,-22,-23,28,-25,25,18.3,90
6.669999999999902,22,-22,-22,27,-25,25,16.2,90
6.679999999999902,22,-22,-22,26,-25,25,18.6,91
6.689999999999902,22,-22,-22,24,-25,24,23.6,91
6.699999999999902,22,-22,-21,23,-25,23,25.6,91
6.709999999999901,22,-22,-21,22,-25,23,23.3,91
6.719999999999901,22,-22,-20,21,-26,22,23.8,92
6.729999999999901,22,-22,-19,20,-26,21,25.4,92
6.739999999999901,22,-22,-19,19,-27,20,22.4,92
6.7499999999999005,22,-22,-18,19,-28,20,22.3,92
6.7599999999999,22,-22,-18,19,-28,19,23.3,93
6.7699999999999,22,-22,-18,19,-28,19,22.8,93
6.7799999999999,22,-22,-18,19,-29,19,24.6,93
6.7899999999999,22,-22,-18,20,-29,19,23.4,93
6.7999999999998995,22,-22,-18,20,-29,19,24.8,93
6.809999999999899,22,-22,-19,20,-29,20,24.4,94
6.819999999999899,22,-22,-19,20,-29,20,28.6,94
6.829999999999899,22,-22,-20,21,-28,21,26.1,94
6.839999999999899,22,-22,-20,21,-28,21,25.8,95
6.849999999999898,22,-22,-20,22,-27,21,23.9,95
6.859999999999898,22,-22,-20,23,-27,22,20.9,95
6.869999999999898,22,-22,-20,24,-27,22,18.7,95
6.879999999999898,22,-22,-20,25,-26,23,18.9,95
6.8899999999998975,22,-22,-19,25,-26,24,19.2,96
6.899999999999897,22,-22,-19,25,-26,25,18.4,96
6.909999999999897,22,-22,-19,25,-26,25,28.0,96
6.919999999999897,22,-22,-19,25,-25,25,27.5,96
6.929999999999897,22,-22,-18,24,-25,25,25.5,97
6.9399999999998965,22,-22,-18,24,-24,25,22.5,97
6.949999999999896,22,-22,-17,24,-24,25,22.4,97
6.959999999999896,22,-22,-16,25,-23,25,23.1,97
6.969999999999896,22,-22,-16,25,-23,25,24.1,97
6.979999999999896,22,-22,-16,26,-23,25,26.9,98
6.989999999999895,22,-22,-15,27,-22,25,24.3,98
6.999999999999895,22,-22,-16,27,-22,25,24.2,98
7.009999999999895,22,-22,-16,28,-21,25,26.6,98
7.019999999999895,22,-22,-16,29,-21,25,26.4,99
7.0299999999998946,22,-22,-17,30,-21,25,24.9,99
7.039999999999894,22,-22,-17,30,-21,24,22.5,99
7.049999999999894,22,-22,-17,30,-22,24,20.9,99
7.059999999999894,22,-22,-17,30,-23,24,25.0,100
7.069999999999894,22,-22,-17,29,-23,24,22.9,100
7.0799999999998935,22,-22,-17,28,-24,25,22.3,100
7.089999999999893,22,-22,-17,28,-24,25,23.6,100
7.099999999999893,22,-22,-17,27,-24,25,27.2,101
7.109999999999893,22,-22,-17,27,-24,24,22.7,101
7.119999999999893,22,-22,-17,27,-24,24,17.0,101
7.129999999999892,22,-22,-17,27,-24,24,17.4,101
7.139999999999892,22,-22,-17,26,-24,23,15.9,101
7.149999999999892,22,-22,-17,26,-24,23,17.0,102
7.159999999999892,22,-22,-17,25,-24,22,15.8,102
7.169999999999892,22,-22,-18,24,-24,22,6.2,102
7.179999999999891,22,-22,-18,23,-23,21,5.1,102
7.189999999999891,22,-22,-18,22,-23,20,10.6,102
7.199999999999891,22,-22,-19,22,-22,19,15.8,102
7.209999999999891,22,-22,-19,21,-21,18,21.7,102
7.2199999999998905,22,-22,-19,20,-20,17,19.5,102
7.22999999999989,22,-22,-20,19,-20,17,13.6,103
7.23999999999989,22,-22,-19,18,-19,16,17.8,103
7.24999999999989,22,-22,-19,17,-19,15,21.0,103
7.25999999999989,22,-22,-18,16,-19,15,19.4,103
7.269999999999889,22,-22,-17,15,-19,14,20.4,103
7.279999999999889,22,-22,-15,15,-20,13,22.7,104
7.289999999999889,22,-22,-14,14,-20,13,24.6,104
7.299999999999889,22,-22,-14,13,-21,12,23.1,104
7.309999999999889,22,-22,-13,13,-22,12,22.9,104
7.319999999999888,22,-22,-13,13,-23,13,21.2,105
7.329999999999888,22,-22,-13,12,-24,13,25.0,105
7.339999999999888,22,-22,-13,12,-25,14,21.9,105
7.349999999999888,22,-22,-14,12,-25,15,23.3,105
7.3599999999998875,22,-22,-14,12,-25,16,23.6,105
7.369999999999887,22,-22,-15,13,-25,17,21.0,106
7.379999999999887,22,-22,-16,14,-25,17,29.7,106
7.389999999999887,22,-22,-17,15,-25,18,29.4,106
7.399999999999887,22,-22,-17,16,-24,19,27.0,107
7.4099999999998865,22,-22,-18,18,-24,20,24.5,107
7.419999999999886,22,-22,-19,19,-24,20,18.6,107
7.429999999999886,22,-22,-19,21,-24,20,19.4,107
7.439999999999886,22,-22,-20,23,-24,20,18.9,107
7.449999999999886,22,-22,-20,24,-25,20,18.9,108
7.459999999999885,22,-22,-20,25,-26,20,20.4,108
7.469999999999885,22,-22,-20,25,-26,20,18.5,108
7.479999999999885,22,-22,-19,25,-26,21,14.9,108
7.489999999999885,22,-22,-19,25,-26,21,17.1,108
7.4999999999998845,22,-22,-18,25,-25,21,22.0,108
7.509999999999884,22,-22,-17,24,-24,21,22.3,109
7.519999999999884,22,-22,-17,24,-23,21,20.2,109
7.529999999999884,22,-22,-16,23,-22,21,20.0,109
7.539999999999884,22,-22,-16,22,-22,21,22.1,109
7.5499999999998835,22,-22,-15,22,-22,22,20.2,110
7.559999999999883,22,-22,-15,22,-22,22,17.9,110
7.569999999999883,22,-22,-15,22,-21,22,16.8,110
7.579999999999883,22,-22,-14,22,-21,22,18.1,110
7.589999999999883,22,-22,-15,22,-21,22,17.6,110
7.599999999999882,22,-22,-15,22,-20,21,17.7,110
7.609999999999882,22,-22,-15,22,-20,21,21.8,111
7.619999999999882,22,-22,-15,22,-19,21,20.0,111
7.629999999999882,22,-22,-16,22,-19,21,16.0,111
7.6399999999998816,22,-22,-16,22,-18,22,15.1,111
7.649999999999881,22,-22,-16,22,-18,22,20.4,111
7.659999999999881,22,-22,-16,22,-18,22,21.8,112
7.669999999999881,22,-22,-15,22,-17,22,19.3,112
7.679999999999881,22,-22,-15,22,-17,22,16.1,112
7.6899999999998805,22,-22,-15,22,-17,22,16.0,112
7.69999999999988,22,-22,-15,23,-17,22,15.7,112
7.70999999999988,22,-22,-15,23,-16,22,17.7,112
7.71999999999988,22,-22,-14,24,-16,22,20.9,113
7.72999999999988,22,-22,-14,24,-16,22,19.6,113
7.739999999999879,22,-22,-14,23,-16,22,23.1,113
7.749999999999879,22,-22,-14,23,-17,22,23.8,113
7.759999999999879,22,-22,-13,22,-18,23,20.5,113
7.769999999999879,22,-22,-13,22,-19,23,14.0,114
7.779999999999879,22,-22,-13,22,-20,23,24.1,114
7.789999999999878,22,-22,-13,22,-21,23,26.0,114
7.799999999999878,22,-22,-13,23,-22,23,22.1,114
7.809999999999878,22,-22,-13,24,-22,24,20.0,115
7.819999999999878,22,-22,-13,25,-23,24,17.0,115
7.8299999999998775,22,-22,-13,27,-23,24,18.1,115
7.839999999999877,22,-22,-14,27,-23,24,19.7,115
7.849999999999877,22,-22,-15,28,-22,24,21.7,115
7.859999999999877,22,-22,-17,28,-22,24,18.0,116
7.869999999999877,22,-22,-18,28,-21,24,14.3,116
7.879999999999876,22,-22,-19,28,-21,24,16.4,116
7.889999999999876,22,-22,-19,28,-20,24,15.2,116
7.899999999999876,22,-22,-20,29,-19,24,14.8,116
7.909999999999876,22,-22,-21,29,-19,25,10.3,116
7.919999999999876,22,-22,-21,29,-18,25,7.5,116
7.929999999999875,22,-22,-21,29,-17,25,7.4,116
7.939999999999875,22,-22,-21,29,-16,25,11.0,116
7.949999999999875,22,-22,-21,29,-15,25,15.0,117
7.959999999999875,22,-22,-21,29,-14,25,15.4,117
7.9699999999998745,22,-22,-21,29,-14,25,15.0,117
7.979999999999874,22,-22,-21,28,-13,23,12.9,117
7.989999999999874,22,-22,-20,27,-13,22,15.0,117
7.999999999999874,22,-22,-20,26,-13,20,17.1,117
8.009999999999874,22,-22,-20,24,-12,19,19.2,118
8.019999999999873,22,-22,-20,23,-12,17,20.3,118
8.029999999999873,22,-22,-20,21,-12,15,15.9,118
8.039999999999873,22,-22,-20,20,-12,14,11.3,118
8.049999999999873,22,-22,-19,18,-13,13,11.8,118
8.059999999999873,22,-22,-19,17,-13,13,18.6,118
8.069999999999872,22,-22,-20,16,-14,12,21.4,119
8.079999999999872,22,-22,-20,15,-15,12,24.3,119
8.089999999999872,22,-22,-20,14,-16,12,25.8,119
8.099999999999872,22,-22,-21,13,-17,12,19.4,119
8.109999999999872,22,-22,-21,13,-19,12,18.7,119
8.119999999999871,22,-22,-22,12,-20,12,20.7,120
8.129999999999871,22,-22,-22,12,-22,12,24.1,120
8.139999999999871,22,-22,-23,13,-24,12,26.8,120
8.14999999999987,22,-22,-23,13,-26,13,35.4,121
8.15999999999987,22,-22,-23,14,-28,14,33.6,121
8.16999999999987,22,-22,-23,14,-31,15,33.3,121
8.17999999999987,22,-22,-23,15,-33,17,40.0,122
8.18999999999987,22,-22,-24,16,-35,19,34.5,122
8.19999999999987,22,-22,-25,17,-37,21,32.3,122
8.20999999999987,22,-22,-26,18,-38,23,30.4,123
8.21999999999987,22,-22,-26,19,-39,25,34.5,123
8.229999999999869,22,-22,-27,20,-40,27,29.1,123
8.239999999999869,22,-22,-28,22,-40,29,30.7,124
8.249999999999869,22,-22,-29,23,-40,30,37.5,124
8.259999999999868,22,-22,-30,24,-39,31,26.8,124
8.269999999999868,22,-22,-31,24,-39,32,26.8,124
8.279999999999868,22,-22,-31,25,-38,33,27.5,125
8.289999999999868,22,-22,-31,25,-37,33,25.2,125
8.299999999999867,22,-22,-31,25,-36,33,30.7,125
8.309999999999867,22,-22,-30,25,-36,33,25.7,126
8.319999999999867,22,-22,-30,25,-36,33,24.5,126
8.329999999999867,22,-22,-29,25,-35,32,28.1,126
8.339999999999867,22,-22,-28,26,-35,32,32.7,126
8.349999999999866,22,-22,-27,26,-35,31,30.8,127
8.359999999999866,22,-22,-26,27,-34,31,26.1,127
8.369999999999866,22,-22,-25,27,-33,30,32.2,127
8.379999999999866,22,-22,-25,28,-33,29,26.0,128
8.389999999999866,22,-22,-25,28,-33,29,18.3,128
8.399999999999865,22,-22,-25,29,-33,29,27.1,128
8.409999999999865,22,-22,-25,29,-33,29,33.6,128
8.419999999999865,22,-22,-25,29,-32,29,24.9,129
8.429999999999865,22,-22,-25,29,-31,29,22.1,129
8.439999999999864,22,-22,-25,29,-31,29,23.8,129
8.449999999999864,22,-22,-25,28,-30,29,23.7,129
8.459999999999864,22,-22,-26,28,-29,29,19.2,129
8.469999999999864,22,-22,-26,28,-27,28,17.0,130
8.479999999999864,22,-22,-25,28,-27,28,23.2,130
8.489999999999863,22,-22,-25,28,-26,28,17.2,130
8.499999999999863,22,-22,-24,27,-25,28,13.2,130
8.509999999999863,22,-22,-24,27,-24,27,16.7,130
8.519999999999863,22,-22,-23,26,-24,27,17.4,130
8.529999999999863,22,-22,-23,25,-23,26,13.4,131
8.539999999999862,22,-22,-22,24,-23,25,16.0,131
8.549999999999862,22,-22,-22,23,-23,25,19.8,131
8.559999999999862,22,-22,-21,23,-22,24,16.4,131
8.569999999999862,22,-22,-20,22,-22,23,17.7,131
8.579999999999862,22,-22,-19,21,-21,22,18.1,131
8.589999999999861,22,-22,-18,21,-20,21,18.6,132
8.599999999999861,22,-22,-17,20,-20,20,13.9,132
8.60999999999986,22,-22,-17,20,-20,20,17.2,132
8.61999999999986,22,-22,-17,19,-20,19,16.0,132
8.62999999999986,22,-22,-18,19,-21,18,14.5,132
8.63999999999986,22,-22,-18,18,-21,18,13.9,132
8.64999999999986,22,-22,-18,17,-21,18,17.4,133
8.65999999999986,22,-22,-19,16,-22,18,18.2,133
8.66999999999986,22,-22,-19,16,-21,18,17.3,133
8.67999999999986,22,-22,-20,15,-21,18,18.9,133
8.68999999999986,22,-22,-20,15,-21,17,23.0,133
8.699999999999859,22,-22,-21,15,-20,17,21.5,134
8.709999999999859,22,-22,-21,15,-20,17,18.6,134
8.719999999999859,22,-22,-22,15,-20,16,16.5,134
8.729999999999858,22,-22,-23,15,-20,16,15.7,134
8.739999999999858,22,-22,-23,15,-20,16,14.9,134
8.749999999999858,22,-22,-23,15,-20,16,20.8,134
8.759999999999858,22,-22,-23,15,-21,16,23.2,135
8.769999999999857,22,-22,-22,15,-22,16,22.6,135
8.779999999999857,22,-22,-22,15,-22,17,18.6,135
8.789999999999857,22,-22,-22,16,-23,17,22.2,135
8.799999999999857,22,-22,-22,16,-23,18,22.3,136
8.809999999999857,22,-22,-23,16,-23,18,27.4,136
8.819999999999856,22,-22,-23,17,-23,19,28.4,136
8.829999999999856,22,-22,-24,18,-23,20,25.5,136
8.839999999999856,22,-22,-25,19,-24,21,23.6,137
8.849999999999856,22,-22,-26,20,-24,22,21.3,137
8.859999999999856,22,-22,-27,21,-24,23,17.3,137
8.869999999999855,22,-22,-28,22,-24,24,14.7,137
8.879999999999855,22,-22,-29,23,-24,24,23.9,137
8.889999999999855,22,-22,-29,23,-24,25,26.7,138
8.899999999999855,22,-22,-29,23,-24,25,16.4,138
8.909999999999854,22,-22,-29,23,-24,25,13.5,138
8.919999999999854,22,-22,-29,23,-24,25,22.4,138
8.929999999999854,22,-22,-28,23,-24,24,24.7,138
8.939999999999854,22,-22,-27,22,-23,24,18.9,139
8.949999999999854,22,-22,-26,22,-22,24,19.5,139
8.959999999999853,22,-22,-26,22,-22,24,23.9,139
8.969999999999853,22,-22,-25,21,-21,24,22.9,139
8.979999999999853,22,-22,-24,21,-20,24,18.8,139
8.989999999999853,22,-22,-23,21,-19,25,20.5,140
8.999999999999853,22,-22,-22,21,-19,25,18.5,140
9.009999999999852,22,-22,-21,21,-18,25,17.3,140
9.019999999999852,22,-22,-20,21,-18,25,20.1,140
9.029999999999852,22,-22,-19,21,-18,25,21.3,140
9.039999999999852,22,-22,-18,21,-18,25,22.4,141
9.049999999999851,22,-22,-18,21,-17,25,18.1,141
9.059999999999851,22,-22,-17,21,-17,24,23.2,141
9.069999999999851,22,-22,-17,22,-17,24,18.8,141
9.07999999999985,22,-22,-17,22,-16,24,16.5,141
9.08999999999985,22,-22,-17,22,-15,24,15.4,142
9.09999999999985,22,-22,-18,22,-15,24,12.7,142
9.10999999999985,22,-22,-18,22,-14,24,13.1,142
9.11999999999985,22,-22,-19,22,-14,23,16.3,142
9.12999999999985,22,-22,-19,22,-13,23,23.4,142
9.13999999999985,22,-22,-20,22,-13,22,21.6,142
9.14999999999985,22,-22,-20,22,-12,21,19.5,143
9.15999999999985,22,-22,-20,23,-12,21,17.3,143
9.169999999999849,22,-22,-21,24,-12,20,15.8,143
9.179999999999849,22,-22,-21,25,-11,20,15.9,143
9.189999999999849,22,-22,-21,25,-12,19,16.9,143
9.199999999999848,22,-22,-22,26,-12,18,16.4,143
9.209999999999848,22,-22,-22,26,-13,18,20.7,144
9.219999999999848,22,-22,-23,25,-14,17,21.0,144
9.229999999999848,22,-22,-24,24,-15,17,16.3,144
9.239999999999847,22,-22,-24,23,-16,17,12.6,144
9.249999999999847,22,-22,-25,22,-16,16,15.4,144
9.259999999999847,22,-22,-25,21,-17,16,18.0,145
9.269999999999847,22,-22,-24,20,-17,16,19.3,145
9.279999999999847,22,-22,-24,18,-17,16,22.4,145
9.289999999999846,22,-22,-23,17,-18,16,23.4,145
9.299999999999846,22,-22,-23,17,-19,15,27.6,145
9.309999999999846,22,-22,-22,16,-20,15,27.8,146
9.319999999999846,22,-22,-22,16,-22,15,23.0,146
9.329999999999846,22,-22,-22,16,-23,15,17.3,146
9.339999999999845,22,-22,-22,16,-24,16,16.1,146
9.349999999999845,22,-22,-22,17,-24,16,20.4,146
9.359999999999845,22,-22,-23,18,-24,17,25.4,147
9.369999999999845,22,-22,-23,19,-24,18,19.2,147
9.379999999999844,22,-22,-24,19,-24,19,17.7,147
9.389999999999844,22,-22,-25,19,-23,20,25.9,147
9.399999999999844,22,-22,-25,19,-23,20,25.1,148
9.409999999999844,22,-22,-26,19,-23,21,20.0,148
9.419999999999844,22,-22,-26,20,-23,21,24.6,148
9.429999999999843,22,-22,-26,20,-23,21,24.1,148
9.439999999999843,22,-22,-26,21,-23,21,22.8,149
9.449999999999843,22,-22,-26,22,-24,21,18.5,149
9.459999999999843,22,-22,-25,22,-24,22,20.8,149
9.469999999999843,22,-22,-25,23,-24,22,16.4,149
9.479999999999842,22,-22,-25,23,-24,22,14.6,149
9.489999999999842,22,-22,-25,24,-24,23,14.6,149
9.499999999999842,22,-22,-24,24,-23,23,21.2,150
9.509999999999842,22,-22,-24,25,-22,24,27.6,150
9.519999999999841,22,-22,-24,25,-22,24,23.2,150
9.529999999999841,22,-22,-24,24,-22,24,18.0,150
9.539999999999841,22,-22,-23,24,-22,24,19.9,150
9.54999999999984,22,-22,-23,23,-22,23,20.7,151
9.55999999999984,22,-22,-23,21,-22,23,21.2,151
9.56999999999984,22,-22,-23,20,-22,23,23.6,151
9.57999999999984,22,-22,-23,19,-22,22,24.9,151
9.58999999999984,22,-22,-23,19,-22,22,20.9,152
9.59999999999984,22,-22,-24,18,-22,23,21.2,152
9.60999999999984,22,-22,-24,18,-22,23,24.2,152
9.61999999999984,22,-22,-25,18,-22,24,22.6,152
9.62999999999984,22,-22,-26,18,-22,25,22.9,152
9.639999999999839,22,-22,-26,18,-21,26,27.1,153
9.649999999999839,22,-22,-27,18,-21,26,24.0,153
9.659999999999838,22,-22,-27,18,-21,27,23.8,153
9.669999999999838,22,-22,-27,19,-20,27,23.2,153
9.679999999999838,22,-22,-27,20,-20,28,21.5,154
9.689999999999838,22,-22,-27,22,-20,28,14.6,154
9.699999999999838,22,-22,-27,22,-20,28,15.8,154
9.709999999999837,22,-22,-27,23,-20,28,17.6,154
9.719999999999837,22,-22,-27,23,-20,28,15.0,154
9.729999999999837,22,-22,-27,23,-19,28,16.6,154
9.739999999999837,22,-22,-27,23,-19,27,17.1,155
9.749999999999837,22,-22,-26,23,-18,27,15.3,155
9.759999999999836,22,-22,-25,23,-18,27,14.4,155
9.769999999999836,22,-22,-23,22,-17,27,15.5,155
9.779999999999836,22,-22,-22,22,-16,26,14.2,155
9.789999999999836,22,-22,-21,22,-16,26,10.4,155
9.799999999999836,22,-22,-20,22,-15,25,15.0,156
9.809999999999835,22,-22,-19,21,-15,25,19.0,156
9.819999999999835,22,-22,-18,21,-15,24,21.5,156
9.829999999999835,22,-22,-17,21,-14,24,19.6,156
9.839999999999835,22,-22,-16,21,-14,23,15.5,156
9.849999999999834,22,-22,-15,21,-13,22,15.9,156
9.859999999999834,22,-22,-15,21,-13,22,16.7,157
9.869999999999834,22,-22,-15,21,-12,21,18.0,157
9.879999999999834,22,-22,-16,21,-11,21,18.7,157
9.889999999999834,22,-22,-16,22,-11,20,19.0,157
9.899999999999833,22,-22,-17,22,-10,20,17.2,157
9.909999999999833,22,-22,-18,22,-10,19,13.3,157
9.919999999999833,22,-22,-19,22,-10,19,10.9,158
9.929999999999833,22,-22,-20,21,-9,19,12.1,158
9.939999999999833,22,-22,-20,21,-9,19,13.7,158
9.949999999999832,22,-22,-21,21,-9,19,18.0,158
9.959999999999832,22,-22,-22,20,-9,20,21.6,158
9.969999999999832,22,-22,-22,20,-9,20,18.3,158
9.979999999999832,22,-22,-23,19,-8,21,16.1,159
9.989999999999831,0,0,-23,19,-9,22,18.1,159
9.999999999999831,0,0,-23,19,-10,23,16.7,159
10.009999999999831,0,0,-23,20,-10,22,17.2,159
10.01999999999983,0,0,-22,20,-11,22,12.1,159
10.02999999999983,0,0,-21,21,-12,21,5.9,159
10.03999999999983,0,0,-21,22,-13,20,4.1,159
10.04999999999983,0,0,-20,23,-14,19,6.2,159
10.05999999999983,0,0,-19,23,-15,17,8.6,159
10.06999999999983,0,0,-19,24,-16,16,10.9,160
10.07999999999983,0,0,-18,24,-17,15,7.1,160
10.08999999999983,0,0,-17,24,-17,14,3.8,160
10.09999999999983,0,0,-17,23,-17,14,4.0,160
10.109999999999829,0,0,-17,22,-17,13,4.6,160
10.119999999999829,0,0,-16,20,-17,13,5.0,160
10.129999999999828,0,0,-16,19,-16,12,6.8,160
10.139999999999828,0,0,-16,17,-15,12,8.5,160
10.149999999999828,0,0,-15,16,-14,12,8.4,160
10.159999999999828,0,0,-14,14,-13,12,4.0,160
10.169999999999828,0,0,-13,13,-12,12,1.3,160
10.179999999999827,0,0,-12,12,-11,12,2.3,160
10.189999999999827,0,0,-11,11,-11,12,5.4,160
10.199999999999827,0,0,-10,10,-10,12,6.9,160
