t,i1,i2,i3,i4,i5,i6,i7,i8
0.0,-85,85,0,0,0,0,0.1,0
0.01,-85,85,0,0,0,0,0.2,0
0.02,-85,85,0,0,0,0,-7.1,0
0.03,-85,85,0,0,0,0,-28.8,0
0.04,-85,85,0,0,0,0,-45.9,0
0.05,-85,85,0,0,0,0,-35.5,-1
0.060000000000000005,-85,85,1,0,0,-1,-19.2,-1
0.07,-85,85,3,0,0,-4,-7.0,-1
0.08,-85,85,6,0,0,-7,1.0,-1
0.09,-85,85,9,0,0,-11,4.4,-1
0.09999999999999999,-85,85,12,0,0,-15,2.4,-1
0.10999999999999999,-85,85,15,0,0,-18,-2.3,-1
0.11999999999999998,-85,85,17,0,0,-22,-2.5,-1
0.12999999999999998,-85,85,20,0,0,-25,-1.0,-1
0.13999999999999999,-85,85,22,0,0,-27,-2.0,-1
0.15,-85,85,24,0,0,-29,-2.4,-1
0.16,-85,85,25,0,0,-31,-2.1,-1
0.17,-85,85,27,-1,0,-33,-2.4,-1
0.18000000000000002,-85,85,28,-1,0,-34,-2.3,-1
0.19000000000000003,-85,85,28,-2,1,-35,-1.0,-1
0.20000000000000004,-85,85,29,-3,2,-36,-3.2,-1
0.21000000000000005,-85,85,30,-4,2,-37,-4.6,-1
0.22000000000000006,-85,85,29,-5,3,-35,-5.9,-1
0.23000000000000007,-85,85,27,-6,4,-33,-4.7,-1
0.24000000000000007,-85,85,25,-6,4,-30,-3.3,-1
0.25000000000000006,-85,85,23,-7,5,-26,-2.7,-1
0.26000000000000006,-85,85,20,-7,5,-22,-3.8,-1
0.2700000000000001,-85,85,18,-8,6,-19,-4.1,-1
0.2800000000000001,-85,85,16,-8,6,-15,-5.0,-1
0.2900000000000001,-85,85,14,-8,6,-12,-7.6,-1
0.3000000000000001,-85,85,12,-8,7,-9,-10.4,-2
0.3100000000000001,-85,85,11,-9,7,-7,-11.6,-2
0.3200000000000001,-85,85,9,-8,7,-5,-9.9,-2
0.3300000000000001,-85,85,8,-8,8,-4,-8.2,-2
0.34000000000000014,-85,85,7,-7,8,-3,-8.8,-2
0.35000000000000014,-85,85,7,-7,8,-2,-16.4,-2
0.36000000000000015,-85,85,6,-7,9,-2,-21.2,-2
0.37000000000000016,-85,85,6,-6,9,-1,-17.1,-3
0.38000000000000017,-85,85,6,-6,11,-2,-14.3,-3
0.3900000000000002,-85,85,5,-6,12,-2,-15.2,-3
0.4000000000000002,-85,85,5,-6,14,-3,-18.8,-3
0.4100000000000002,-85,85,6,-6,16,-5,-19.5,-3
0.4200000000000002,-85,85,7,-7,17,-6,-15.7,-3
0.4300000000000002,-85,85,8,-8,19,-7,-19.0,-4
0.4400000000000002,-85,85,10,-8,21,-8,-21.6,-4
0.45000000000000023,-85,85,11,-9,23,-9,-24.2,-4
0.46000000000000024,-85,85,13,-10,25,-11,-23.1,-4
0.47000000000000025,-85,85,15,-11,28,-11,-23.2,-4
0.48000000000000026,-85,85,16,-11,30,-12,-23.5,-5
0.49000000000000027,-85,85,18,-12,32,-13,-28.0,-5
0.5000000000000002,-85,85,20,-12,35,-14,-30.1,-5
0.5100000000000002,-85,85,22,-12,37,-14,-29.9,-6
0.5200000000000002,-85,85,25,-12,40,-14,-33.1,-6
0.5300000000000002,-85,85,27,-12,42,-15,-32.4,-6
0.5400000000000003,-85,85,29,-13,45,-15,-34.9,-7
0.5500000000000003,-85,85,31,-14,47,-15,-37.5,-7
0.5600000000000003,-85,85,33,-15,48,-16,-36.7,-7
0.5700000000000003,-85,85,36,-17,50,-17,-41.8,-8
0.5800000000000003,-85,85,38,-18,50,-18,-41.0,-8
0.5900000000000003,-85,85,40,-20,51,-20,-40.7,-9
0.6000000000000003,-85,85,43,-23,52,-22,-46.6,-9
0.6100000000000003,-85,85,46,-25,53,-23,-50.2,-10
0.6200000000000003,-85,85,49,-28,54,-25,-48.1,-10
0.6300000000000003,-85,85,51,-32,55,-27,-50.2,-10
0.6400000000000003,-85,85,54,-35,56,-29,-58.6,-11
0.6500000000000004,-85,85,56,-38,57,-32,-60.1,-12
0.6600000000000004,-85,85,57,-41,58,-35,-57.5,-12
0.6700000000000004,-85,85,58,-45,60,-38,-63.8,-13
0.6800000000000004,-85,85,59,-48,62,-42,-58.2,-13
0.6900000000000004,-85,85,59,-51,64,-46,-58.8,-14
0.7000000000000004,-85,85,59,-53,66,-49,-63.2,-15
0.7100000000000004,-85,85,59,-55,68,-52,-56.0,-15
0.7200000000000004,-85,85,58,-56,70,-55,-57.5,-16
0.7300000000000004,-85,85,58,-56,72,-57,-58.8,-16
0.7400000000000004,-85,85,58,-55,74,-58,-61.7,-17
0.7500000000000004,-85,85,57,-54,75,-60,-63.2,-18
0.7600000000000005,-85,85,56,-54,76,-62,-66.9,-18
0.7700000000000005,-85,85,56,-53,78,-64,-66.5,-19
0.7800000000000005,-85,85,55,-51,79,-66,-65.4,-20
0.7900000000000005,-85,85,54,-50,79,-68,-59.1,-20
0.8000000000000005,-85,85,53,-50,80,-70,-67.1,-21
0.8100000000000005,-85,85,53,-50,81,-71,-64.6,-22
0.8200000000000005,-85,85,54,-50,81,-72,-71.5,-22
0.8300000000000005,-85,85,56,-50,82,-72,-69.1,-23
0.8400000000000005,-85,85,57,-50,83,-72,-70.1,-24
0.8500000000000005,-85,85,58,-51,84,-72,-69.6,-24
0.8600000000000005,-85,85,59,-52,85,-72,-71.1,-25
0.8700000000000006,-85,85,59,-53,85,-72,-68.4,-26
0.8800000000000006,-85,85,60,-55,85,-72,-69.3,-26
0.8900000000000006,-85,85,61,-56,85,-72,-69.2,-27
0.9000000000000006,-85,85,61,-57,86,-72,-68.9,-28
0.9100000000000006,-85,85,62,-58,86,-72,-72.9,-29
0.9200000000000006,-85,85,63,-59,86,-72,-72.7,-29
0.9300000000000006,-85,85,64,-60,87,-73,-75.8,-30
0.9400000000000006,-85,85,65,-62,87,-74,-83.8,-31
0.9500000000000006,-85,85,65,-63,88,-75,-81.4,-32
0.9600000000000006,-85,85,66,-65,89,-76,-74.5,-32
0.9700000000000006,-85,85,67,-66,90,-77,-77.4,-33
0.9800000000000006,-85,85,67,-68,91,-78,-77.4,-34
0.9900000000000007,-85,85,67,-70,92,-78,-75.8,-35
1.0000000000000007,-85,85,68,-72,92,-79,-82.6,-36
1.0100000000000007,-85,85,68,-74,93,-79,-83.2,-36
1.0200000000000007,-85,85,68,-75,94,-80,-79.1,-37
1.0300000000000007,-85,85,68,-76,94,-81,-79.6,-38
1.0400000000000007,-85,85,67,-77,94,-81,-69.4,-39
1.0500000000000007,-85,85,67,-78,95,-81,-75.8,-39
1.0600000000000007,-85,85,67,-78,95,-81,-73.4,-40
1.0700000000000007,-85,85,67,-79,95,-81,-77.1,-41
1.0800000000000007,-85,85,67,-80,96,-80,-82.0,-42
1.0900000000000007,-85,85,66,-81,97,-80,-76.2,-43
1.1000000000000008,-85,85,66,-82,98,-79,-73.3,-43
1.1100000000000008,-85,85,66,-84,99,-79,-71.5,-44
1.1200000000000008,-85,85,66,-85,100,-78,-70.9,-45
1.1300000000000008,-85,85,66,-87,101,-77,-70.7,-45
1.1400000000000008,-85,85,66,-89,101,-75,-67.2,-46
1.1500000000000008,-85,85,66,-91,101,-74,-73.8,-47
1.1600000000000008,-85,85,66,-93,100,-73,-74.8,-48
1.1700000000000008,-85,85,66,-95,99,-72,-76.6,-48
1.1800000000000008,-85,85,66,-96,98,-71,-73.4,-49
1.1900000000000008,-85,85,66,-97,97,-70,-67.1,-50
1.2000000000000008,-85,85,67,-98,95,-70,-68.6,-50
1.2100000000000009,-85,85,67,-98,94,-69,-69.6,-51
1.2200000000000009,-85,85,68,-99,92,-68,-71.3,-52
1.2300000000000009,-85,85,70,-98,91,-67,-69.5,-53
1.2400000000000009,-85,85,71,-98,90,-66,-64.2,-53
1.2500000000000009,-85,85,72,-98,89,-65,-67.4,-54
1.260000000000001,-85,85,72,-98,89,-64,-73.3,-55
1.270000000000001,-85,85,73,-97,89,-64,-80.3,-55
1.280000000000001,-85,85,73,-97,89,-65,-82.0,-56
1.290000000000001,-85,85,73,-96,90,-66,-80.2,-57
1.300000000000001,-85,85,72,-96,90,-68,-74.0,-58
1.310000000000001,-85,85,72,-96,90,-69,-75.8,-58
1.320000000000001,-85,85,72,-95,91,-70,-71.0,-59
1.330000000000001,-85,85,72,-95,90,-70,-67.4,-60
1.340000000000001,-85,85,73,-94,91,-71,-83.1,-61
1.350000000000001,-85,85,73,-94,91,-72,-79.2,-61
1.360000000000001,-85,85,73,-93,91,-73,-74.3,-62
1.370000000000001,-85,85,73,-92,90,-74,-77.0,-63
1.380000000000001,-85,85,73,-92,90,-75,-74.0,-64
1.390000000000001,-85,85,72,-91,89,-77,-66.7,-64
1.400000000000001,-85,85,71,-89,89,-77,-73.2,-65
1.410000000000001,-85,85,70,-88,88,-78,-74.7,-66
1.420000000000001,-85,85,70,-87,87,-78,-70.6,-67
1.430000000000001,-85,85,69,-86,86,-79,-75.5,-67
1.440000000000001,-85,85,69,-85,86,-79,-72.8,-68
1.450000000000001,-85,85,69,-84,85,-79,-74.6,-69
1.460000000000001,-85,85,69,-82,84,-79,-75.4,-70
1.470000000000001,-85,85,68,-81,84,-80,-78.2,-70
1.480000000000001,-85,85,67,-80,83,-81,-73.2,-71
1.490000000000001,-85,85,66,-79,83,-82,-76.8,-72
1.500000000000001,-85,85,65,-78,83,-83,-75.0,-73
1.5100000000000011,-85,85,66,-76,82,-84,-79.7,-73
1.5200000000000011,-85,85,67,-75,82,-84,-72.7,-74
1.5300000000000011,-85,85,69,-73,81,-84,-68.8,-75
1.5400000000000011,-85,85,70,-72,81,-84,-70.8,-76
1.5500000000000012,-85,85,70,-71,80,-84,-67.9,-76
1.5600000000000012,-85,85,69,-71,80,-84,-79.3,-77
1.5700000000000012,-85,85,69,-71,80,-85,-73.4,-78
1.5800000000000012,-85,85,69,-72,80,-85,-72.3,-78
1.5900000000000012,-85,85,70,-73,81,-85,-74.6,-79
1.6000000000000012,-85,85,71,-74,81,-84,-79.1,-80
1.6100000000000012,-85,85,71,-74,82,-84,-69.4,-81
1.6200000000000012,-85,85,71,-75,83,-82,-73.8,-81
1.6300000000000012,-85,85,72,-76,84,-81,-78.3,-82
1.6400000000000012,-85,85,72,-76,86,-81,-80.5,-83
1.6500000000000012,-85,85,73,-77,88,-81,-81.1,-84
1.6600000000000013,-85,85,73,-78,89,-81,-83.5,-85
1.6700000000000013,-85,85,74,-79,91,-81,-81.2,-85
1.6800000000000013,-85,85,74,-79,92,-81,-69.9,-86
1.6900000000000013,-85,85,74,-79,93,-81,-69.8,-87
1.7000000000000013,-85,85,75,-79,94,-80,-61.3,-87
1.7100000000000013,-85,85,75,-79,95,-79,-79.9,-88
1.7200000000000013,-85,85,75,-79,96,-79,-76.7,-89
1.7300000000000013,-85,85,76,-80,97,-79,-83.4,-90
1.7400000000000013,-85,85,76,-81,97,-79,-83.3,-91
1.7500000000000013,-85,85,76,-82,97,-79,-80.9,-92
1.7600000000000013,-85,85,76,-83,98,-79,-74.7,-92
1.7700000000000014,-85,85,76,-85,97,-79,-81.0,-93
1.7800000000000014,-85,85,75,-87,97,-79,-79.6,-94
1.7900000000000014,-85,85,75,-88,96,-78,-77.7,-95
1.8000000000000014,-85,85,76,-90,96,-78,-79.6,-95
1.8100000000000014,-85,85,76,-91,95,-78,-82.1,-96
1.8200000000000014,-85,85,77,-93,95,-78,-85.2,-97
1.8300000000000014,-85,85,77,-94,94,-78,-80.9,-98
1.8400000000000014,-85,85,77,-94,93,-79,-89.4,-99
1.8500000000000014,-85,85,76,-94,93,-80,-85.8,-100
1.8600000000000014,-85,85,76,-93,92,-82,-81.3,-101
1.8700000000000014,-85,85,76,-93,92,-82,-84.6,-101
1.8800000000000014,-85,85,77,-93,92,-83,-91.4,-102
1.8900000000000015,-85,85,78,-93,92,-84,-91.2,-103
1.9000000000000015,-85,85,79,-92,91,-85,-89.5,-104
1.9100000000000015,-85,85,80,-92,91,-86,-91.8,-105
1.9200000000000015,-85,85,81,-91,91,-87,-85.5,-106
1.9300000000000015,-85,85,81,-91,91,-88,-76.9,-107
1.9400000000000015,-85,85,82,-91,90,-89,-84.0,-107
1.9500000000000015,-85,85,82,-91,89,-89,-77.8,-108
1.9600000000000015,-85,85,83,-91,89,-89,-75.6,-109
1.9700000000000015,-85,85,84,-90,88,-87,-85.5,-110
1.9800000000000015,-85,85,85,-90,86,-86,-79.8,-111
1.9900000000000015,-85,85,85,-89,85,-85,-78.2,-111
2.0000000000000013,-85,85,85,-88,84,-85,-77.6,-112
2.010000000000001,-85,85,84,-86,82,-85,-73.3,-113
2.020000000000001,-85,85,83,-85,81,-85,-80.5,-114
2.0300000000000007,-85,85,82,-83,80,-85,-80.8,-115
2.0400000000000005,-85,85,81,-82,79,-86,-82.3,-115
2.0500000000000003,-85,85,80,-80,79,-86,-83.4,-116
2.06,-85,85,80,-79,79,-87,-87.3,-117
2.07,-85,85,80,-78,78,-88,-81.9,-118
2.0799999999999996,-85,85,79,-77,78,-89,-77.5,-119
2.0899999999999994,-85,85,79,-76,77,-90,-84.6,-120
2.099999999999999,-85,85,80,-75,77,-91,-81.8,-120
2.109999999999999,-85,85,80,-74,77,-92,-75.9,-121
2.1199999999999988,-85,85,80,-74,77,-93,-80.3,-122
2.1299999999999986,-85,85,80,-73,77,-94,-81.4,-123
2.1399999999999983,-85,85,80,-72,77,-94,-84.8,-124
2.149999999999998,-85,85,81,-71,77,-95,-85.6,-124
2.159999999999998,-85,85,81,-71,77,-96,-90.3,-125
2.1699999999999977,-85,85,82,-70,78,-97,-83.9,-126
2.1799999999999975,-85,85,82,-70,79,-97,-81.3,-127
2.1899999999999973,-85,85,82,-71,80,-98,-77.2,-128
2.199999999999997,-85,85,84,-71,80,-98,-80.8,-129
2.209999999999997,-85,85,85,-72,81,-98,-80.7,-129
2.2199999999999966,-85,85,87,-73,81,-97,-80.8,-130
2.2299999999999964,-85,85,90,-74,81,-96,-75.6,-131
2.239999999999996,-85,85,92,-75,81,-94,-82.3,-132
2.249999999999996,-85,85,95,-76,80,-92,-74.6,-132
2.259999999999996,-85,85,97,-76,80,-91,-71.9,-133
2.2699999999999956,-85,85,97,-76,79,-89,-74.8,-134
2.2799999999999954,-85,85,96,-76,79,-88,-71.4,-135
2.289999999999995,-85,85,94,-77,78,-88,-79.2,-135
2.299999999999995,-85,85,92,-77,78,-87,-80.2,-136
2.3099999999999947,-85,85,92,-78,78,-87,-79.6,-137
2.3199999999999945,-85,85,92,-79,78,-87,-86.8,-138
2.3299999999999943,-85,85,92,-79,78,-87,-87.9,-139
2.339999999999994,-85,85,93,-80,78,-87,-77.0,-140
2.349999999999994,-85,85,93,-80,78,-86,-80.4,-140
2.3599999999999937,-85,85,94,-81,78,-86,-82.7,-141
2.3699999999999934,-85,85,95,-81,78,-86,-82.9,-142
2.3799999999999932,-85,85,96,-82,79,-87,-86.5,-143
2.389999999999993,-85,85,96,-82,79,-88,-85.5,-144
2.399999999999993,-85,85,96,-82,80,-90,-86.6,-145
2.4099999999999926,-85,85,95,-83,80,-91,-78.0,-145
2.4199999999999924,-85,85,93,-83,81,-93,-84.2,-146
2.429999999999992,-85,85,91,-83,82,-94,-83.6,-147
2.439999999999992,-85,85,89,-83,82,-95,-87.1,-148
2.4499999999999917,-85,85,88,-83,83,-95,-83.5,-149
2.4599999999999915,-85,85,86,-83,84,-95,-88.0,-150
2.4699999999999913,-85,85,85,-83,85,-95,-86.6,-151
2.479999999999991,-85,85,85,-83,86,-94,-89.5,-151
2.489999999999991,-85,85,84,-83,88,-94,-90.9,-152
2.4999999999999907,-85,85,84,-83,89,-93,-90.4,-153
2.5099999999999905,-85,85,84,-83,91,-93,-93.8,-154
2.5199999999999902,-85,85,84,-83,92,-93,-89.7,-155
2.52999999999999,-85,85,84,-84,94,-93,-86.7,-156
2.53999999999999,-85,85,84,-86,95,-93,-95.1,-157
2.5499999999999896,-85,85,85,-87,96,-94,-87.1,-158
2.5599999999999894,-85,85,85,-88,96,-94,-83.1,-159
2.569999999999989,-85,85,85,-89,96,-94,-78.4,-159
2.579999999999989,-85,85,85,-88,96,-94,-73.8,-160
2.5899999999999888,-85,85,84,-88,95,-93,-76.0,-161
2.5999999999999885,-85,85,84,-88,93,-91,-76.2,-162
2.6099999999999883,-85,85,83,-88,91,-90,-71.1,-162
2.619999999999988,-85,85,83,-88,89,-88,-76.2,-163
2.629999999999988,-85,85,82,-87,86,-85,-73.7,-164
2.6399999999999877,-85,85,82,-87,83,-83,-63.4,-164
2.6499999999999875,-85,85,80,-87,80,-81,-65.7,-165
2.6599999999999873,-85,85,79,-86,77,-79,-68.2,-166
2.669999999999987,-85,85,79,-86,75,-78,-68.6,-167
2.679999999999987,-85,85,77,-86,73,-76,-74.3,-167
2.6899999999999866,-85,85,76,-85,72,-75,-77.4,-168
2.6999999999999864,-85,85,75,-84,71,-74,-73.8,-169
2.709999999999986,-85,85,73,-83,70,-74,-72.4,-169
2.719999999999986,-85,85,72,-82,69,-75,-74.7,-170
2.7299999999999858,-85,85,73,-81,69,-76,-77.4,-171
2.7399999999999856,-85,85,75,-80,69,-76,-72.6,-172
2.7499999999999853,-85,85,77,-79,69,-77,-76.7,-172
2.759999999999985,-85,85,80,-78,69,-77,-77.2,-173
2.769999999999985,-85,85,82,-77,69,-77,-69.5,-174
2.7799999999999847,-85,85,84,-76,69,-78,-74.6,-175
2.7899999999999845,-85,85,85,-75,70,-80,-81.0,-176
2.7999999999999843,-85,85,86,-74,71,-82,-77.2,-176
2.809999999999984,-85,85,87,-75,71,-84,-79.8,-177
2.819999999999984,-85,85,87,-76,72,-86,-79.9,-178
2.8299999999999836,-85,85,88,-77,73,-87,-89.7,-179
2.8399999999999834,-85,85,89,-79,74,-88,-82.4,-180
2.849999999999983,-85,85,89,-80,76,-89,-85.3,-180
2.859999999999983,-85,85,90,-81,77,-89,-87.5,-181
2.869999999999983,-85,85,90,-82,78,-90,-90.8,-182
2.8799999999999826,-85,85,89,-83,80,-92,-91.6,-183
2.8899999999999824,-85,85,89,-83,82,-93,-86.4,-184
2.899999999999982,-85,85,88,-82,84,-94,-88.3,-185
2.909999999999982,-85,85,87,-82,86,-95,-90.1,-186
2.9199999999999817,-85,85,85,-81,87,-96,-81.9,-187
2.9299999999999815,-85,85,84,-80,89,-96,-82.2,-187
2.9399999999999813,-85,85,83,-79,90,-96,-93.5,-188
2.949999999999981,-85,85,82,-78,92,-96,-84.0,-189
2.959999999999981,-85,85,81,-77,94,-95,-81.8,-190
2.9699999999999807,-85,85,80,-76,96,-94,-100.4,-191
2.9799999999999804,-85,85,79,-76,97,-93,-95.3,-192
2.9899999999999802,-85,85,78,-76,99,-93,-78.1,-193
2.99999999999998,-85,85,78,-76,101,-92,-77.0,-194
3.00999999999998,-85,85,79,-77,102,-91,-92.2,-194
3.0199999999999796,-85,85,80,-78,103,-90,-90.9,-195
3.0299999999999794,-85,85,81,-79,104,-89,-87.4,-196
3.039999999999979,-85,85,81,-81,105,-88,-96.3,-197
3.049999999999979,-85,85,82,-82,106,-87,-98.5,-198
3.0599999999999787,-85,85,83,-83,107,-87,-89.4,-199
3.0699999999999785,-85,85,84,-85,107,-87,-80.1,-200
3.0799999999999783,-85,85,84,-86,108,-87,-97.4,-201
3.089999999999978,-85,85,85,-86,108,-87,-91.6,-202
3.099999999999978,-85,85,85,-87,109,-86,-77.0,-203
3.1099999999999777,-85,85,86,-88,109,-85,-85.8,-203
3.1199999999999775,-85,85,86,-88,109,-85,-91.7,-204
3.1299999999999772,-85,85,86,-88,109,-84,-77.3,-205
3.139999999999977,-85,85,87,-89,109,-83,-76.4,-206
3.149999999999977,-85,85,88,-91,109,-82,-89.5,-207
3.1599999999999766,-85,85,88,-92,109,-81,-89.4,-208
3.1699999999999764,-85,85,88,-93,108,-80,-79.9,-208
3.179999999999976,-85,85,87,-94,108,-79,-85.6,-209
3.189999999999976,-85,85,86,-96,108,-78,-97.6,-210
3.1999999999999758,-85,85,86,-97,108,-78,-84.0,-211
3.2099999999999755,-85,85,85,-98,107,-77,-82.4,-212
3.2199999999999753,-85,85,84,-98,107,-76,-78.1,-213
3.229999999999975,-85,85,83,-98,106,-75,-80.5,-214
3.239999999999975,-85,85,81,-99,105,-74,-73.4,-214
3.2499999999999747,-85,85,81,-99,104,-73,-77.4,-215
3.2599999999999745,-85,85,80,-100,103,-72,-84.4,-216
3.2699999999999743,-85,85,79,-100,101,-71,-77.0,-217
3.279999999999974,-85,85,79,-100,99,-71,-73.4,-217
3.289999999999974,-85,85,78,-100,98,-70,-80.7,-218
3.2999999999999736,-85,85,77,-99,97,-70,-76.6,-219
3.3099999999999734,-85,85,77,-99,96,-70,-76.3,-220
3.319999999999973,-85,85,76,-99,96,-70,-71.5,-220
3.329999999999973,-85,85,76,-99,95,-70,-76.3,-221
3.3399999999999728,-85,85,76,-99,95,-70,-84.0,-222
3.3499999999999726,-85,85,75,-99,95,-70,-83.7,-223
3.3599999999999723,-85,85,75,-98,95,-70,-76.3,-224
3.369999999999972,-85,85,74,-98,95,-71,-83.0,-224
3.379999999999972,-85,85,74,-97,96,-72,-89.4,-225
3.3899999999999717,-85,85,74,-97,96,-73,-86.2,-226
3.3999999999999715,-85,85,75,-96,97,-74,-90.4,-227
3.4099999999999713,-85,85,75,-95,98,-75,-87.7,-228
3.419999999999971,-85,85,76,-94,98,-77,-86.6,-229
3.429999999999971,-85,85,77,-93,99,-78,-91.4,-230
3.4399999999999706,-85,85,78,-92,100,-79,-95.2,-231
3.4499999999999704,-85,85,79,-92,100,-81,-87.0,-232
3.45999999999997,-85,85,80,-91,101,-82,-85.4,-232
3.46999999999997,-85,85,80,-90,101,-82,-88.0,-233
3.47999999999997,-85,85,80,-90,101,-83,-81.1,-234
3.4899999999999696,-85,85,80,-89,100,-83,-74.8,-235
3.4999999999999694,-85,85,80,-89,99,-83,-85.6,-236
3.509999999999969,-85,85,80,-89,99,-82,-81.9,-237
3.519999999999969,-85,85,80,-89,98,-82,-76.6,-237
3.5299999999999687,-85,85,80,-89,97,-81,-81.0,-238
3.5399999999999685,-85,85,79,-88,97,-80,-77.9,-239
3.5499999999999683,-85,85,79,-87,96,-79,-74.1,-240
3.559999999999968,-85,85,78,-87,96,-77,-74.7,-240
3.569999999999968,-85,85,76,-86,95,-77,-78.2,-241
3.5799999999999677,-85,85,76,-85,95,-76,-80.5,-242
3.5899999999999674,-85,85,75,-84,94,-76,-80.8,-243
3.5999999999999672,-85,85,75,-84,94,-76,-83.6,-244
3.609999999999967,-85,85,75,-83,94,-75,-78.2,-244
3.619999999999967,-85,85,76,-82,94,-75,-76.4,-245
3.6299999999999666,-85,85,77,-81,93,-74,-67.3,-246
3.6399999999999664,-85,85,78,-80,92,-73,-68.5,-247
3.649999999999966,-85,85,79,-79,91,-73,-74.4,-247
3.659999999999966,-85,85,80,-79,91,-73,-77.0,-248
3.6699999999999657,-85,85,81,-79,90,-73,-81.8,-249
3.6799999999999655,-85,85,83,-81,90,-73,-85.6,-250
3.6899999999999653,-85,85,84,-82,90,-73,-86.2,-251
3.699999999999965,-85,85,85,-84,91,-73,-84.0,-251
3.709999999999965,-85,85,86,-85,91,-74,-78.4,-252
3.7199999999999647,-85,85,86,-87,92,-74,-88.6,-253
3.7299999999999645,-85,85,86,-88,93,-74,-84.8,-254
3.7399999999999642,-85,85,86,-90,93,-75,-88.1,-255
3.749999999999964,-85,85,85,-91,93,-76,-90.8,-256
3.759999999999964,-85,85,85,-92,93,-78,-86.6,-257
3.7699999999999636,-85,85,85,-92,93,-78,-85.6,-257
3.7799999999999634,-85,85,85,-92,93,-79,-79.8,-258
3.789999999999963,-85,85,85,-91,93,-78,-81.7,-259
3.799999999999963,-85,85,86,-90,92,-78,-76.3,-260
3.8099999999999627,-85,85,86,-89,92,-78,-80.8,-261
3.8199999999999625,-85,85,85,-88,91,-78,-78.5,-261
3.8299999999999623,-85,85,85,-87,90,-78,-72.9,-262
3.839999999999962,-85,85,85,-86,89,-78,-88.5,-263
3.849999999999962,-85,85,85,-86,89,-78,-86.6,-264
3.8599999999999617,-85,85,85,-86,88,-78,-76.1,-265
3.8699999999999615,-85,85,85,-86,87,-77,-78.9,-265
3.8799999999999613,-85,85,84,-86,87,-76,-81.6,-266
3.889999999999961,-85,85,83,-86,86,-76,-74.9,-267
3.899999999999961,-85,85,82,-86,86,-75,-78.5,-268
3.9099999999999606,-85,85,83,-86,86,-75,-84.9,-269
3.9199999999999604,-85,85,83,-86,86,-74,-86.5,-270
3.92999999999996,-85,85,83,-85,86,-74,-76.3,-270
3.93999999999996,-85,85,83,-84,85,-74,-68.8,-271
3.9499999999999598,-85,85,83,-84,85,-73,-74.4,-272
3.9599999999999596,-85,85,82,-83,84,-73,-74.8,-272
3.9699999999999593,-85,85,83,-83,83,-73,-61.3,-273
3.979999999999959,-85,85,84,-82,81,-72,-70.4,-274
3.989999999999959,-85,85,85,-81,80,-72,-79.4,-275
3.9999999999999587,-85,85,86,-81,78,-72,-79.9,-275
4.009999999999959,-85,85,86,-81,77,-73,-81.2,-276
4.019999999999959,-85,85,85,-81,76,-74,-83.8,-277
4.0299999999999585,-85,85,84,-81,76,-76,-74.4,-278
4.039999999999958,-85,85,82,-81,75,-78,-80.8,-279
4.049999999999958,-85,85,81,-81,76,-80,-81.2,-279
4.059999999999958,-85,85,79,-81,76,-82,-81.1,-280
4.069999999999958,-85,85,77,-80,77,-83,-81.4,-281
4.079999999999957,-85,85,76,-80,79,-85,-88.6,-282
4.089999999999957,-85,85,76,-80,80,-86,-91.3,-283
4.099999999999957,-85,85,77,-81,82,-88,-89.5,-284
4.109999999999957,-85,85,78,-81,83,-89,-93.5,-285
4.119999999999957,-85,85,79,-80,85,-89,-89.9,-286
4.129999999999956,-85,85,81,-80,85,-89,-83.7,-286
4.139999999999956,-85,85,82,-79,85,-90,-76.4,-287
4.149999999999956,-85,85,83,-78,85,-90,-82.5,-288
4.159999999999956,-85,85,84,-77,85,-90,-78.7,-289
4.1699999999999555,-85,85,85,-76,84,-90,-85.7,-290
4.179999999999955,-85,85,86,-75,83,-89,-75.1,-290
4.189999999999955,-85,85,88,-74,82,-88,-77.5,-291
4.199999999999955,-85,85,88,-73,81,-88,-80.1,-292
4.209999999999955,-85,85,89,-72,80,-87,-70.9,-293
4.2199999999999545,-85,85,89,-70,78,-86,-76.9,-293
4.229999999999954,-85,85,90,-70,77,-86,-78.6,-294
4.239999999999954,-85,85,91,-69,76,-87,-80.1,-295
4.249999999999954,-85,85,91,-69,75,-87,-76.4,-296
4.259999999999954,-85,85,91,-69,74,-88,-79.2,-297
4.269999999999953,-85,85,92,-70,73,-88,-79.1,-297
4.279999999999953,-85,85,92,-70,72,-88,-79.0,-298
4.289999999999953,-85,85,91,-71,71,-88,-74.7,-299
4.299999999999953,-85,85,91,-72,71,-88,-84.5,-300
4.3099999999999525,-85,85,91,-73,71,-87,-79.0,-301
4.319999999999952,-85,85,91,-74,71,-87,-74.6,-301
4.329999999999952,-85,85,91,-75,71,-87,-77.0,-302
4.339999999999952,-85,85,91,-76,72,-87,-74.9,-303
4.349999999999952,-85,85,91,-76,71,-87,-71.8,-304
4.3599999999999515,-85,85,91,-75,71,-87,-73.8,-304
4.369999999999951,-85,85,90,-75,70,-87,-73.4,-305
4.379999999999951,-85,85,90,-75,70,-88,-74.1,-306
4.389999999999951,-85,85,89,-74,69,-89,-75.8,-307
4.399999999999951,-85,85,89,-74,69,-89,-79.4,-307
4.40999999999995,-85,85,88,-74,69,-90,-77.4,-308
4.41999999999995,-85,85,87,-74,69,-90,-74.2,-309
4.42999999999995,-85,85,87,-75,69,-90,-75.7,-310
4.43999999999995,-85,85,87,-75,69,-89,-75.5,-310
4.4499999999999496,-85,85,87,-76,69,-89,-74.9,-311
4.459999999999949,-85,85,88,-77,70,-89,-88.6,-312
4.469999999999949,-85,85,89,-79,70,-89,-79.4,-313
4.479999999999949,-85,85,91,-79,70,-88,-77.7,-314
4.489999999999949,-85,85,91,-80,70,-87,-75.8,-314
4.4999999999999485,-85,85,91,-80,70,-87,-71.1,-315
4.509999999999948,-85,85,91,-80,70,-87,-76.9,-316
4.519999999999948,-85,85,91,-81,70,-87,-76.9,-317
4.529999999999948,-85,85,90,-81,70,-88,-75.7,-317
4.539999999999948,-85,85,91,-83,69,-88,-76.0,-318
4.549999999999947,-85,85,91,-84,69,-88,-77.5,-319
4.559999999999947,-85,85,92,-85,69,-87,-76.0,-320
4.569999999999947,-85,85,93,-86,69,-86,-76.6,-320
4.579999999999947,-85,85,93,-87,68,-85,-75.9,-321
4.589999999999947,-85,85,94,-88,68,-84,-81.0,-322
4.599999999999946,-85,85,93,-88,68,-84,-75.5,-323
4.609999999999946,-85,85,93,-89,67,-84,-80.1,-323
4.619999999999946,-85,85,91,-90,67,-84,-81.8,-324
4.629999999999946,-85,85,89,-90,67,-85,-73.8,-325
4.6399999999999455,-85,85,87,-91,67,-85,-79.3,-326
4.649999999999945,-85,85,86,-91,68,-85,-78.1,-327
4.659999999999945,-85,85,84,-91,68,-85,-69.6,-327
4.669999999999945,-85,85,84,-92,68,-85,-78.4,-328
4.679999999999945,-85,85,85,-93,68,-84,-84.4,-329
4.689999999999944,-85,85,85,-93,69,-84,-72.3,-330
4.699999999999944,-85,85,84,-93,69,-83,-70.0,-330
4.709999999999944,-85,85,84,-93,69,-82,-70.7,-331
4.719999999999944,-85,85,82,-92,69,-81,-70.7,-332
4.729999999999944,-85,85,81,-93,69,-81,-76.9,-333
4.739999999999943,-85,85,80,-93,70,-81,-80.0,-333
4.749999999999943,-85,85,80,-94,70,-81,-77.9,-334
4.759999999999943,-85,85,81,-94,71,-81,-83.0,-335
4.769999999999943,-85,85,81,-93,72,-80,-77.4,-336
4.7799999999999425,-85,85,82,-92,73,-79,-69.0,-336
4.789999999999942,-85,85,83,-90,74,-78,-77.5,-337
4.799999999999942,-85,85,84,-88,75,-79,-82.2,-338
4.809999999999942,-85,85,84,-86,75,-80,-82.5,-339
4.819999999999942,-85,85,85,-86,76,-82,-85.1,-340
4.8299999999999415,-85,85,85,-85,77,-84,-87.2,-341
4.839999999999941,-85,85,86,-84,77,-86,-82.0,-341
4.849999999999941,-85,85,86,-84,77,-88,-76.3,-342
4.859999999999941,-85,85,86,-83,78,-89,-77.8,-343
4.869999999999941,-85,85,87,-83,78,-90,-86.5,-344
4.87999999999994,-85,85,88,-82,78,-90,-81.3,-345
4.88999999999994,-85,85,88,-81,79,-90,-84.6,-345
4.89999999999994,-85,85,88,-80,80,-91,-87.0,-346
4.90999999999994,-85,85,88,-80,80,-91,-80.7,-347
4.9199999999999395,-85,85,87,-79,81,-91,-75.5,-348
4.929999999999939,-85,85,87,-79,81,-91,-62.7,-349
4.939999999999939,-85,85,86,-78,80,-89,-64.0,-349
4.949999999999939,-85,85,85,-78,79,-87,-71.0,-350
4.959999999999939,-85,85,86,-78,78,-85,-73.5,-351
4.9699999999999385,-85,85,87,-78,78,-83,-80.7,-351
4.979999999999938,-85,85,88,-78,77,-83,-88.3,-352
4.989999999999938,0,0,88,-78,77,-83,-78.9,-353
4.999999999999938,0,0,88,-78,76,-83,-70.1,-354
5.009999999999938,0,0,87,-79,75,-83,-67.0,-354
5.019999999999937,0,0,85,-78,73,-81,-51.4,-355
5.029999999999937,0,0,83,-76,70,-79,-15.8,-355
5.039999999999937,0,0,81,-74,67,-76,-6.3,-355
5.049999999999937,0,0,78,-71,63,-72,-8.1,-355
5.0599999999999365,0,0,76,-68,59,-67,-4.6,-355
5.069999999999936,0,0,74,-65,56,-62,-1.5,-355
5.079999999999936,0,0,72,-62,53,-57,-2.0,-355
5.089999999999936,0,0,70,-59,50,-52,-9.1,-355
5.099999999999936,0,0,69,-57,48,-47,-14.1,-356
5.1099999999999355,0,0,68,-53,46,-43,-15.0,-356
5.119999999999935,0,0,67,-49,44,-38,-15.7,-356
5.129999999999935,0,0,66,-44,42,-34,-15.7,-356
5.139999999999935,0,0,65,-40,41,-31,-15.0,-356
5.149999999999935,0,0,65,-36,40,-29,-14.2,-356
5.159999999999934,0,0,64,-33,40,-28,-9.8,-356
5.169999999999934,0,0,61,-31,38,-27,-6.6,-356
5.179999999999934,0,0,56,-29,35,-26,-6.3,-357
5.189999999999934,0,0,50,-27,32,-26,-9.7,-357
5.199999999999934,0,0,44,-26,28,-26,-12.7,-357
5.209999999999933,0,0,37,-26,25,-25,-13.3,-357
5.219999999999933,0,0,31,-25,21,-24,-14.1,-357
5.229999999999933,0,0,25,-25,18,-23,-14.4,-357
5.239999999999933,0,0,20,-25,16,-22,-11.1,-357
5.2499999999999325,0,0,15,-25,14,-21,-12.2,-357
5.259999999999932,0,0,12,-25,13,-20,-10.3,-358
