t,i1,i2,i3,i4,i5
0.0,0,0,0,0,0
0.01,0,0,0,0,0
0.02,0,0,0,0,0
0.03,0,0,0,0,0
0.04,0,0,0,0,0
0.05,0,0,0,0,0
0.060000000000000005,0,0,0,0,0
0.07,0,0,0,0,0
0.08,0,0,0,0,0
0.09,3000,0,0,0,0
0.09999999999999999,3000,0,0,0,0
0.10999999999999999,3000,161,113,146,101
0.11999999999999998,3000,223,210,227,203
0.12999999999999998,3000,284,264,284,251
0.13999999999999999,3000,323,314,337,300
0.15,3000,375,362,384,335
0.16,3000,416,393,428,374
0.17,3000,442,425,461,409
0.18000000000000002,3000,477,453,503,428
0.19000000000000003,3000,497,484,518,462
0.20000000000000004,3000,533,506,557,483
0.21000000000000005,3000,549,536,574,508
0.22000000000000006,3000,583,561,609,536
0.23000000000000007,3000,591,574,615,544
0.24000000000000007,3000,611,589,636,563
0.25000000000000006,3000,621,611,645,569
0.26000000000000006,3000,636,613,662,589
0.2700000000000001,3000,647,628,684,593
0.2800000000000001,3000,651,653,692,600
0.2900000000000001,3000,666,649,701,619
0.3000000000000001,3000,671,666,716,630
0.3100000000000001,3000,687,666,722,634
0.3200000000000001,3000,689,675,727,641
0.3300000000000001,3000,696,692,743,660
0.34000000000000014,3000,699,684,743,660
0.35000000000000014,3000,706,701,751,668
0.36000000000000015,3000,701,694,760,668
0.37000000000000016,3000,719,719,754,673
0.38000000000000017,3000,714,714,766,687
0.3900000000000002,3000,724,714,763,682
0.4000000000000002,3000,722,716,766,689
0.4100000000000002,3000,716,722,787,692
0.4200000000000002,3000,727,724,784,692
0.4300000000000002,3000,729,727,781,689
0.4400000000000002,3000,727,727,781,699
0.45000000000000023,3000,740,735,796,699
0.46000000000000024,3000,740,729,790,711
0.47000000000000025,3000,735,732,781,706
0.48000000000000026,3000,746,738,793,711
0.49000000000000027,3000,735,735,784,706
0.5000000000000002,3000,738,735,793,709
0.5100000000000002,3000,751,743,796,709
0.5200000000000002,3000,746,743,806,716
0.5300000000000002,3000,740,735,796,719
0.5400000000000003,3000,751,740,793,709
0.5500000000000003,3000,754,740,800,719
0.5600000000000003,3000,746,746,796,714
0.5700000000000003,3000,757,738,796,727
0.5800000000000003,3000,751,746,796,722
0.5900000000000003,3000,743,740,813,709
0.6000000000000003,6000,754,740,806,724
0.6100000000000003,6000,793,781,833,757
0.6200000000000003,6000,809,796,877,781
0.6300000000000003,6000,826,819,896,826
0.6400000000000003,6000,862,854,896,826
0.6500000000000004,6000,877,865,900,843
0.6600000000000004,6000,869,873,921,847
0.6700000000000004,6000,892,873,934,881
0.6800000000000004,6000,913,892,952,881
0.6900000000000004,6000,900,896,966,884
0.7000000000000004,6000,913,913,947,892
0.7100000000000004,6000,904,909,947,896
0.7200000000000004,6000,909,909,961,904
0.7300000000000004,6000,913,930,970,900
0.7400000000000004,6000,934,943,970,904
0.7500000000000004,6000,930,934,980,900
0.7600000000000005,6000,930,930,990,925
0.7700000000000005,6000,925,934,995,921
0.7800000000000005,6000,934,925,990,909
0.7900000000000005,6000,934,921,966,909
0.8000000000000005,6000,930,938,970,909
0.8100000000000005,6000,930,938,985,909
0.8200000000000005,6000,921,925,970,909
0.8300000000000005,6000,921,934,990,921
0.8400000000000005,6000,925,930,995,913
0.8500000000000005,6000,925,925,990,917
0.8600000000000005,6000,930,930,995,904
0.8700000000000006,6000,938,934,970,909
0.8800000000000006,6000,930,934,980,925
0.8900000000000006,6000,913,947,990,917
0.9000000000000006,6000,925,934,980,917
0.9100000000000006,6000,947,930,1000,913
0.9200000000000006,6000,934,938,1000,921
0.9300000000000006,6000,938,947,1000,930
0.9400000000000006,6000,934,938,985,917
0.9500000000000006,6000,930,943,961,913
0.9600000000000006,6000,930,938,985,900
0.9700000000000006,6000,947,934,975,913
0.9800000000000006,6000,938,952,985,913
0.9900000000000007,6000,938,943,1005,930
1.0000000000000007,6000,921,934,990,921
1.0100000000000007,6000,930,947,1000,930
1.0200000000000007,6000,921,934,980,917
1.0300000000000007,6000,938,930,995,925
1.0400000000000007,6000,930,947,985,952
1.0500000000000007,6000,938,943,980,917
1.0600000000000007,6000,934,934,985,913
1.0700000000000007,6000,930,943,1005,913
1.0800000000000007,6000,917,930,985,913
1.0900000000000007,6000,938,930,1000,909
1.1000000000000008,6000,930,947,985,925
1.1100000000000008,9000,938,938,990,925
1.1200000000000008,9000,947,952,990,934
1.1300000000000008,9000,956,966,1015,938
1.1400000000000008,9000,980,961,1020,961
1.1500000000000008,9000,980,980,1030,952
1.1600000000000008,9000,990,975,1030,970
1.1700000000000008,9000,985,990,1058,970
1.1800000000000008,9000,990,1000,1047,966
1.1900000000000008,9000,990,1000,1058,975
1.2000000000000008,9000,985,990,1063,970
1.2100000000000009,9000,980,1010,1036,966
1.2200000000000009,9000,1000,985,1036,970
1.2300000000000009,9000,1000,995,1052,995
1.2400000000000009,9000,1000,995,1036,980
1.2500000000000009,9000,990,1020,1036,980
1.260000000000001,9000,995,1000,1041,985
1.270000000000001,9000,1000,1015,1047,985
1.280000000000001,9000,990,1005,1047,980
1.290000000000001,9000,980,985,1041,980
1.300000000000001,9000,1000,1010,1063,970
1.310000000000001,9000,985,990,1063,985
1.320000000000001,9000,1005,1000,1052,985
1.330000000000001,9000,990,1000,1058,985
1.340000000000001,9000,995,1020,1052,990
1.350000000000001,9000,995,1000,1047,980
1.360000000000001,9000,990,1010,1047,975
1.370000000000001,9000,990,1005,1052,990
1.380000000000001,9000,1000,1000,1036,990
1.390000000000001,9000,980,1015,1041,990
1.400000000000001,9000,1005,990,1041,985
1.410000000000001,9000,990,1000,1036,980
1.420000000000001,9000,1000,1010,1052,985
1.430000000000001,9000,995,1010,1047,975
1.440000000000001,9000,990,1005,1041,975
1.450000000000001,9000,995,1015,1069,990
1.460000000000001,9000,990,1010,1052,1000
1.470000000000001,9000,985,1005,1058,990
1.480000000000001,9000,1000,1015,1058,995
1.490000000000001,9000,1000,990,1063,985
1.500000000000001,9000,995,1005,1047,985
1.5100000000000011,9000,995,1000,1052,975
1.5200000000000011,9000,990,1000,1030,975
1.5300000000000011,9000,990,1020,1036,980
1.5400000000000011,9000,980,1015,1041,1000
1.5500000000000012,9000,1000,1010,1047,995
1.5600000000000012,9000,980,1010,1047,985
1.5700000000000012,9000,1000,1000,1047,985
1.5800000000000012,9000,990,1015,1041,990
1.5900000000000012,9000,1000,1005,1069,975
1.6000000000000012,9000,995,1010,1052,975
1.6100000000000012,9000,995,1005,1052,980
1.6200000000000012,9000,990,1025,1063,1000
1.6300000000000012,10000,1000,1000,1063,995
1.6400000000000012,10000,980,1015,1041,1010
1.6500000000000012,10000,1005,1010,1052,990
1.6600000000000013,10000,1000,1010,1069,1000
1.6700000000000013,10000,1000,1025,1041,985
1.6800000000000013,10000,1010,1005,1047,990
1.6900000000000013,10000,1010,1015,1058,1005
1.7000000000000013,10000,1005,1025,1052,995
1.7100000000000013,10000,1010,1015,1052,1005
1.7200000000000013,10000,1005,1036,1058,995
1.7300000000000013,10000,1005,1025,1058,1010
1.7400000000000013,10000,1025,1030,1063,1005
1.7500000000000013,10000,1020,1030,1081,1000
1.7600000000000013,10000,1010,1025,1086,1000
1.7700000000000014,10000,1015,1015,1069,995
1.7800000000000014,10000,1015,1030,1075,1010
1.7900000000000014,10000,1010,1010,1075,1000
1.8000000000000014,10000,1015,1020,1081,1025
1.8100000000000014,10000,1005,1025,1081,1005
1.8200000000000014,10000,1010,1010,1052,1005
1.8300000000000014,10000,1000,1036,1069,1005
1.8400000000000014,10000,1020,1025,1069,1005
1.8500000000000014,10000,1020,1030,1052,1010
1.8600000000000014,10000,1015,1025,1041,995
1.8700000000000014,10000,1015,1025,1058,1010
1.8800000000000014,10000,1015,1020,1063,995
1.8900000000000015,10000,1010,1030,1058,1015
1.9000000000000015,10000,1010,1010,1063,1015
1.9100000000000015,10000,1005,1020,1063,1005
1.9200000000000015,10000,1015,1025,1063,1005
1.9300000000000015,10000,1000,1015,1086,1005
1.9400000000000015,10000,1015,1036,1081,1005
1.9500000000000015,10000,1015,1020,1069,1000
1.9600000000000015,10000,1015,1030,1069,1010
1.9700000000000015,10000,1015,1030,1075,995
1.9800000000000015,10000,1015,1025,1081,1020
1.9900000000000015,10000,1005,1010,1075,1010
2.0000000000000013,10000,1010,1030,1063,1005
2.010000000000001,10000,1005,1010,1058,1010
2.020000000000001,10000,1000,1020,1075,1005
2.0300000000000007,10000,1020,1025,1041,1005
2.0400000000000005,10000,1025,1020,1052,1000
2.0500000000000003,10000,1010,1041,1058,1000
2.06,10000,1015,1030,1058,1015
2.07,10000,1015,1030,1063,1015
2.0799999999999996,10000,1010,1030,1069,995
2.0899999999999994,10000,1005,1030,1069,1010
2.099999999999999,10000,1005,1020,1063,1010
2.109999999999999,10000,1015,1030,1058,1010
2.1199999999999988,10000,1000,1010,1081,1010
2.1299999999999986,10000,1020,1025,1086,1005
