t,i1,i2,i3,i4,i5
0.0,0,0,0,0,0
0.01,0,0,0,0,0
0.02,0,0,0,0,0
0.03,0,0,0,0,0
0.04,0,0,0,0,0
0.05,0,0,0,0,0
0.060000000000000005,0,0,0,0,0
0.07,0,0,0,0,0
0.08,0,0,0,0,0
0.09,0,0,0,0,0
0.09999999999999999,0,0,0,0,0
0.10999999999999999,0,0,0,0,0
0.11999999999999998,0,0,0,0,0
0.12999999999999998,0,0,0,0,0
0.13999999999999999,0,0,0,0,0
0.15,1000,0,0,0,0
0.16,1000,0,0,0,0
0.17,1000,0,0,0,0
0.18000000000000002,1000,0,0,0,0
0.19000000000000003,1000,0,0,0,0
0.20000000000000004,1000,0,0,0,42
0.21000000000000005,1000,45,52,0,42
0.22000000000000006,1000,45,52,0,42
0.23000000000000007,1000,58,52,41,46
0.24000000000000007,1000,58,63,65,53
0.25000000000000006,1000,68,63,65,53
0.26000000000000006,1000,82,68,74,58
0.2700000000000001,1000,88,76,79,58
0.2800000000000001,1000,89,83,87,62
0.2900000000000001,1000,94,86,95,75
0.3000000000000001,1000,100,90,105,75
0.3100000000000001,1000,105,90,104,70
0.3200000000000001,1000,112,87,109,75
0.3300000000000001,1000,113,94,112,76
0.34000000000000014,1000,116,100,115,81
0.35000000000000014,1000,121,104,125,81
0.36000000000000015,1000,127,101,127,82
0.37000000000000016,1000,128,103,127,87
0.38000000000000017,1000,126,104,135,85
0.3900000000000002,1000,136,111,144,85
0.4000000000000002,1000,137,110,140,84
0.4100000000000002,1000,139,112,147,84
0.4200000000000002,1000,143,109,146,85
0.4300000000000002,1000,141,112,153,94
0.4400000000000002,1000,151,118,153,89
0.45000000000000023,1000,149,120,156,89
0.46000000000000024,1000,150,120,158,89
0.47000000000000025,1000,151,121,162,93
0.48000000000000026,1000,157,119,161,93
0.49000000000000027,1000,155,123,164,96
0.5000000000000002,1000,159,122,169,94
0.5100000000000002,1000,159,123,168,92
0.5200000000000002,1000,160,124,172,90
0.5300000000000002,1000,157,129,179,90
0.5400000000000003,1000,162,129,175,91
0.5500000000000003,1000,165,129,174,99
0.5600000000000003,1000,163,128,176,93
0.5700000000000003,1000,166,127,177,93
0.5800000000000003,1000,167,131,174,93
0.5900000000000003,1000,166,133,180,97
0.6000000000000003,1000,167,128,181,95
0.6100000000000003,1000,165,129,181,98
0.6200000000000003,1000,171,137,180,95
0.6300000000000003,1000,171,132,180,93
0.6400000000000003,1000,167,133,185,92
0.6500000000000004,2000,173,132,191,92
0.6600000000000004,2000,200,149,216,115
0.6700000000000004,2000,227,193,241,133
0.6800000000000004,2000,255,217,271,179
0.6900000000000004,2000,273,240,295,205
0.7000000000000004,2000,295,270,320,232
0.7100000000000004,2000,317,287,332,242
0.7200000000000004,2000,341,303,359,267
0.7300000000000004,2000,347,326,377,283
0.7400000000000004,2000,366,343,389,300
0.7500000000000004,2000,380,353,407,311
0.7600000000000005,2000,385,368,430,327
0.7700000000000005,2000,400,389,438,337
0.7800000000000005,2000,409,387,455,347
0.7900000000000005,2000,422,404,459,353
0.8000000000000005,2000,434,411,469,366
0.8100000000000005,2000,441,427,478,375
0.8200000000000005,2000,452,439,491,383
0.8300000000000005,2000,456,439,503,396
0.8400000000000005,2000,467,452,496,392
0.8500000000000005,2000,469,452,510,402
0.8600000000000005,2000,471,470,518,419
0.8700000000000006,2000,0,468,537,417
0.8800000000000006,2000,481,470,530,424
0.8900000000000006,2000,495,484,544,428
0.9000000000000006,2000,502,495,537,436
0.9100000000000006,2000,498,496,549,444
0.9200000000000006,2000,511,495,542,443
0.9300000000000006,2000,508,505,555,449
0.9400000000000006,2000,511,519,550,450
0.9500000000000006,2000,511,516,564,457
0.9600000000000006,2000,516,518,560,461
0.9700000000000006,2000,523,522,571,465
0.9800000000000006,2000,530,520,563,465
0.9900000000000007,2000,531,522,573,476
1.0000000000000007,2000,531,536,566,472
1.0100000000000007,2000,530,524,581,472
1.0200000000000007,2000,526,537,568,473
1.0300000000000007,2000,531,536,581,484
1.0400000000000007,2000,540,539,573,480
1.0500000000000007,2000,539,539,589,484
1.0600000000000007,2000,546,549,581,480
1.0700000000000007,2000,544,547,597,487
1.0800000000000007,2000,554,558,595,488
1.0900000000000007,2000,546,555,593,495
1.1000000000000008,2000,558,568,597,501
1.1100000000000008,2000,547,561,597,492
1.1200000000000008,2000,558,569,602,498
1.1300000000000008,2000,549,568,597,493
1.1400000000000008,2000,560,571,609,491
1.1500000000000008,2000,550,561,597,493
1.1600000000000008,3000,557,573,602,502
1.1700000000000008,3000,576,574,617,523
1.1800000000000008,3000,602,598,651,537
1.1900000000000008,3000,615,621,653,554
1.2000000000000008,3000,630,641,671,566
1.2100000000000009,3000,630,638,694,579
1.2200000000000009,3000,651,651,684,589
1.2300000000000009,3000,657,664,699,598
1.2400000000000009,3000,653,662,716,613
1.2500000000000009,3000,668,684,719,619
1.260000000000001,3000,673,682,743,632
1.270000000000001,3000,689,696,751,636
1.280000000000001,3000,692,701,743,632
1.290000000000001,3000,694,709,772,647
1.300000000000001,3000,692,701,772,660
1.310000000000001,3000,699,716,766,660
1.320000000000001,3000,714,711,775,660
1.330000000000001,3000,711,738,784,675
1.340000000000001,3000,706,732,763,664
1.350000000000001,3000,714,724,781,677
1.360000000000001,3000,719,749,781,684
1.370000000000001,3000,711,738,778,675
1.380000000000001,3000,743,727,781,675
1.390000000000001,3000,729,754,800,684
1.400000000000001,3000,729,743,796,682
1.410000000000001,3000,724,729,781,694
1.420000000000001,3000,724,757,793,689
1.430000000000001,3000,729,746,806,694
1.440000000000001,3000,729,735,803,694
1.450000000000001,3000,729,760,787,694
1.460000000000001,3000,724,749,806,706
1.470000000000001,3000,735,738,803,699
1.480000000000001,3000,738,760,787,696
1.490000000000001,3000,735,751,803,706
1.500000000000001,3000,740,746,806,704
1.5100000000000011,3000,743,746,803,706
1.5200000000000011,3000,738,766,800,704
1.5300000000000011,3000,746,766,813,701
1.5400000000000011,3000,749,760,806,701
1.5500000000000012,3000,751,766,787,706
1.5600000000000012,3000,751,778,800,704
1.5700000000000012,3000,749,760,796,711
1.5800000000000012,3000,749,763,800,701
1.5900000000000012,3000,749,751,796,704
1.6000000000000012,3000,749,760,796,714
1.6100000000000012,3000,749,751,819,709
1.6200000000000012,3000,743,757,793,711
1.6300000000000012,3000,740,754,803,709
1.6400000000000012,3000,749,757,803,706
1.6500000000000012,3000,740,760,806,706
1.6600000000000013,3000,738,760,806,714
1.6700000000000013,4000,740,772,809,709
1.6800000000000013,4000,749,769,826,738
1.6900000000000013,4000,763,772,829,729
1.7000000000000013,4000,772,781,829,738
1.7100000000000013,4000,781,800,836,754
1.7200000000000013,4000,781,809,862,751
1.7300000000000013,4000,784,809,847,754
1.7400000000000013,4000,806,806,858,775
1.7500000000000013,4000,800,819,865,766
1.7600000000000013,4000,800,809,865,769
1.7700000000000014,4000,816,829,873,775
1.7800000000000014,4000,819,823,869,784
1.7900000000000014,4000,816,829,869,784
1.8000000000000014,4000,813,826,873,796
1.8100000000000014,4000,809,833,892,806
1.8200000000000014,4000,833,833,884,796
1.8300000000000014,4000,829,836,865,790
1.8400000000000014,4000,819,833,888,793
1.8500000000000014,4000,833,840,900,800
1.8600000000000014,4000,823,843,896,803
1.8700000000000014,4000,829,840,881,809
1.8800000000000014,4000,826,833,884,813
1.8900000000000015,4000,847,851,888,813
1.9000000000000015,4000,829,840,900,806
1.9100000000000015,4000,833,847,904,809
1.9200000000000015,4000,826,858,896,816
1.9300000000000015,4000,840,854,892,813
1.9400000000000015,4000,840,865,892,809
1.9500000000000015,4000,829,851,904,819
1.9600000000000015,4000,826,865,904,813
1.9700000000000015,4000,840,843,888,813
1.9800000000000015,4000,836,865,892,816
1.9900000000000015,4000,833,854,896,819
2.0000000000000013,4000,836,843,913,819
2.010000000000001,4000,836,847,904,809
2.020000000000001,4000,840,869,892,823
2.0300000000000007,4000,840,854,892,819
2.0400000000000005,4000,843,847,900,813
2.0500000000000003,4000,840,836,913,809
2.06,4000,836,843,904,806
2.07,4000,826,854,884,813
2.0799999999999996,4000,829,851,884,813
2.0899999999999994,4000,840,836,896,806
2.099999999999999,4000,843,847,917,829
2.109999999999999,4000,833,847,913,816
2.1199999999999988,4000,833,854,892,816
2.1299999999999986,4000,840,858,884,823
2.1399999999999983,4000,840,858,892,823
2.149999999999998,4000,840,854,896,826
2.159999999999998,4000,847,854,909,816
2.1699999999999977,4000,843,862,900,813
2.1799999999999975,5000,843,847,888,816
2.1899999999999973,5000,851,877,900,826
2.199999999999997,5000,843,873,909,829
2.209999999999997,5000,865,869,921,829
2.2199999999999966,5000,869,865,934,843
2.2299999999999964,5000,873,877,938,847
2.239999999999996,5000,869,881,938,847
2.249999999999996,5000,869,892,934,847
2.259999999999996,5000,888,900,938,858
2.2699999999999956,5000,884,892,943,862
2.2799999999999954,5000,884,892,961,858
2.289999999999995,5000,877,892,938,869
2.299999999999995,5000,881,896,934,873
2.3099999999999947,5000,888,904,938,869
2.3199999999999945,5000,888,896,943,869
2.3299999999999943,5000,884,884,961,862
2.339999999999994,5000,896,896,952,862
2.349999999999994,5000,896,913,956,877
2.3599999999999937,5000,884,900,947,869
2.3699999999999934,5000,888,900,943,869
2.3799999999999932,5000,888,896,947,873
2.389999999999993,5000,892,900,947,881
2.399999999999993,5000,900,909,947,873
2.4099999999999926,5000,888,904,966,873
2.4199999999999924,5000,896,896,947,869
2.429999999999992,5000,888,913,938,865
2.439999999999992,5000,896,917,947,884
2.4499999999999917,5000,892,913,938,873
2.4599999999999915,5000,896,900,961,869
2.4699999999999913,5000,921,896,956,881
2.479999999999991,5000,892,921,961,884
2.489999999999991,5000,900,925,956,881
2.4999999999999907,5000,896,913,952,877
2.5099999999999905,5000,900,904,947,873
2.5199999999999902,5000,900,913,947,873
2.52999999999999,5000,892,900,970,877
2.53999999999999,5000,900,900,956,881
2.5499999999999896,5000,900,904,947,873
2.5599999999999894,5000,900,909,956,884
2.569999999999989,5000,904,904,947,888
2.579999999999989,5000,896,909,952,877
2.5899999999999888,5000,900,900,952,884
2.5999999999999885,5000,900,904,956,873
2.6099999999999883,5000,904,917,970,877
2.619999999999988,5000,904,904,952,884
2.629999999999988,5000,896,900,934,877
2.6399999999999877,5000,896,909,943,873
2.6499999999999875,5000,904,913,947,865
2.6599999999999873,5000,904,913,966,873
2.669999999999987,5000,909,904,956,884
2.679999999999987,5000,892,917,961,877
2.6899999999999866,6000,900,909,961,0
2.6999999999999864,6000,900,934,943,884
2.709999999999986,6000,904,921,961,900
2.719999999999986,6000,913,930,975,892
2.7299999999999858,6000,913,925,985,900
2.7399999999999856,6000,913,921,975,900
2.7499999999999853,6000,913,938,990,913
2.759999999999985,6000,934,943,975,921
2.769999999999985,6000,925,943,970,904
2.7799999999999847,6000,934,938,970,904
2.7899999999999845,6000,921,930,975,909
2.7999999999999843,6000,930,921,980,904
2.809999999999984,6000,934,947,1005,913
2.819999999999984,6000,921,952,990,925
2.8299999999999836,6000,930,952,1000,917
2.8399999999999834,6000,921,943,985,913
2.849999999999983,6000,921,934,1000,909
2.859999999999983,6000,917,930,985,917
2.869999999999983,6000,938,947,985,925
2.8799999999999826,6000,930,952,985,921
2.8899999999999824,6000,934,943,1000,921
2.899999999999982,6000,930,947,990,921
2.909999999999982,6000,930,938,1000,913
2.9199999999999817,6000,921,947,980,917
2.9299999999999815,6000,947,943,1000,925
2.9399999999999813,6000,943,947,980,925
2.949999999999981,6000,938,975,985,921
2.959999999999981,6000,934,952,990,909
2.9699999999999807,6000,930,947,990,930
2.9799999999999804,6000,925,952,1005,925
2.9899999999999802,6000,952,943,1000,917
2.99999999999998,6000,934,943,1000,921
3.00999999999998,6000,943,956,985,917
3.0199999999999796,6000,938,947,975,917
3.0299999999999794,6000,934,938,985,917
3.039999999999979,6000,930,938,980,925
3.049999999999979,6000,943,925,990,917
3.0599999999999787,6000,934,943,1005,917
3.0699999999999785,6000,947,956,995,913
3.0799999999999783,6000,925,947,995,917
3.089999999999978,6000,934,947,985,925
3.099999999999978,6000,934,938,990,913
3.1099999999999777,6000,938,925,985,913
3.1199999999999775,6000,930,943,990,917
3.1299999999999772,6000,938,956,990,917
3.139999999999977,6000,925,934,985,913
3.149999999999977,6000,943,947,995,925
3.1599999999999766,6000,925,943,1000,925
3.1699999999999764,6000,943,938,995,917
3.179999999999976,6000,930,943,1000,909
3.189999999999976,6000,938,947,975,921
3.1999999999999758,6000,925,943,980,930
3.2099999999999755,7000,930,952,990,913
3.2199999999999753,7000,930,952,995,925
3.229999999999975,7000,952,961,1015,925
3.239999999999975,7000,947,943,1005,925
3.2499999999999747,7000,956,956,1015,934
3.2599999999999745,7000,956,970,1000,947
3.2699999999999743,7000,952,961,1025,952
3.279999999999974,7000,956,970,995,947
3.289999999999974,7000,961,970,1005,952
3.2999999999999736,7000,961,975,1005,943
3.3099999999999734,7000,956,970,1015,956
3.319999999999973,7000,961,970,1005,961
3.329999999999973,7000,947,980,1030,947
3.3399999999999728,7000,947,966,1015,952
3.3499999999999726,7000,952,975,1025,943
3.3599999999999723,7000,961,970,1005,934
3.369999999999972,7000,956,975,1015,943
3.379999999999972,7000,961,956,1005,956
3.3899999999999717,7000,961,970,1010,947
3.3999999999999715,7000,956,966,1020,947
3.4099999999999713,7000,947,966,1015,938
3.419999999999971,7000,943,975,1015,934
3.429999999999971,7000,975,970,1030,966
3.4399999999999706,7000,956,956,1005,930
3.4499999999999704,7000,966,952,1025,947
3.45999999999997,7000,966,966,1025,947
3.46999999999997,7000,952,966,1010,943
3.47999999999997,7000,961,985,1020,952
3.4899999999999696,7000,943,980,1015,938
3.4999999999999694,7000,961,980,1010,943
3.509999999999969,7000,970,956,1010,956
3.519999999999969,7000,961,961,1015,952
3.5299999999999687,7000,956,966,1025,952
3.5399999999999685,7000,956,975,1020,952
3.5499999999999683,7000,966,980,1025,943
3.559999999999968,7000,966,985,1025,952
3.569999999999968,7000,961,975,1010,961
3.5799999999999677,7000,956,975,1025,956
3.5899999999999674,7000,961,985,1005,943
3.5999999999999672,7000,952,975,1010,943
3.609999999999967,7000,952,975,1010,938
3.619999999999967,7000,952,985,1015,947
3.6299999999999666,7000,970,966,1005,938
3.6399999999999664,7000,961,995,1030,952
3.649999999999966,7000,956,970,1030,947
3.659999999999966,7000,966,980,1025,956
3.6699999999999657,7000,975,956,1010,952
3.6799999999999655,7000,943,970,1015,938
3.6899999999999653,7000,938,970,1000,956
3.699999999999965,7000,947,985,1010,956
3.709999999999965,7000,956,980,1010,952
3.7199999999999647,8000,966,975,1010,952
3.7299999999999645,8000,970,975,1025,961
3.7399999999999642,8000,961,985,1041,952
3.749999999999964,8000,966,980,1030,961
3.759999999999964,8000,956,985,1036,970
3.7699999999999636,8000,980,1000,1041,970
3.7799999999999634,8000,970,975,1020,961
3.789999999999963,8000,975,995,1036,975
3.799999999999963,8000,980,990,1020,966
3.8099999999999627,8000,975,980,1030,966
3.8199999999999625,8000,975,995,1030,970
3.8299999999999623,8000,975,985,1036,980
3.839999999999962,8000,980,995,1036,975
3.849999999999962,8000,985,995,1025,970
3.8599999999999617,8000,985,995,1052,966
3.8699999999999615,8000,980,995,1041,970
3.8799999999999613,8000,975,1005,1047,961
3.889999999999961,8000,975,985,1047,975
3.899999999999961,8000,985,1000,1030,970
3.9099999999999606,8000,970,985,1036,975
3.9199999999999604,8000,980,1000,1015,980
3.92999999999996,8000,980,985,1030,970
3.93999999999996,8000,980,1005,1030,975
3.9499999999999598,8000,985,1000,1025,961
3.9599999999999596,8000,980,995,1036,975
3.9699999999999593,8000,975,990,1020,966
3.979999999999959,8000,985,995,1052,980
3.989999999999959,8000,985,980,1030,970
3.9999999999999587,8000,990,990,1041,966
4.009999999999959,8000,961,985,1047,966
4.019999999999959,8000,985,1005,1030,961
4.0299999999999585,8000,975,980,1036,966
4.039999999999958,8000,975,1000,1025,961
4.049999999999958,8000,970,995,1020,975
4.059999999999958,8000,970,985,1030,970
4.069999999999958,8000,985,980,1030,970
4.079999999999957,8000,1000,990,1036,966
4.089999999999957,8000,980,995,1025,961
4.099999999999957,8000,980,1005,1052,956
4.109999999999957,8000,975,990,1041,961
4.119999999999957,8000,975,1000,1047,980
4.129999999999956,8000,985,1005,1052,970
4.139999999999956,8000,966,985,1041,975
4.149999999999956,8000,990,1000,1025,966
4.159999999999956,8000,980,980,1047,961
4.1699999999999555,8000,966,995,1020,956
4.179999999999955,8000,975,985,1030,956
4.189999999999955,8000,980,1010,1036,985
4.199999999999955,8000,975,995,1030,970
4.209999999999955,8000,985,995,1036,966
4.2199999999999545,8000,985,995,1030,966
4.229999999999954,9000,990,1000,1052,966
4.239999999999954,9000,985,980,1036,961
4.249999999999954,9000,990,1000,1047,970
4.259999999999954,9000,995,1005,1052,1000
4.269999999999953,9000,990,1020,1041,1000
4.279999999999953,9000,985,1000,1058,980
4.289999999999953,9000,995,1010,1047,980
4.299999999999953,9000,1005,1010,1036,985
4.3099999999999525,9000,1000,1005,1036,970
4.319999999999952,9000,1000,1020,1047,995
4.329999999999952,9000,1000,995,1047,975
4.339999999999952,9000,1000,1005,1052,1000
4.349999999999952,9000,990,1010,1047,990
4.3599999999999515,9000,990,1000,1069,985
4.369999999999951,9000,1000,1000,1058,985
4.379999999999951,9000,980,1015,1052,985
4.389999999999951,9000,1030,1010,1058,980
4.399999999999951,9000,995,1010,1063,995
4.40999999999995,9000,1000,1005,1047,975
4.41999999999995,9000,995,1010,1036,1000
4.42999999999995,9000,995,1005,1058,990
4.43999999999995,9000,995,1015,1036,990
4.4499999999999496,9000,985,1005,1052,990
4.459999999999949,9000,985,1025,1047,985
4.469999999999949,9000,1005,1005,1047,980
4.479999999999949,9000,1005,1020,1052,995
4.489999999999949,9000,1005,1015,1047,980
4.4999999999999485,9000,1000,1000,1041,990
4.509999999999948,9000,995,1020,1069,990
4.519999999999948,9000,995,1000,1047,990
4.529999999999948,9000,990,1000,1058,985
4.539999999999948,9000,1000,1010,1052,985
4.549999999999947,9000,990,1005,1058,990
4.559999999999947,9000,1005,1005,1047,995
4.569999999999947,9000,1000,1020,1058,980
4.579999999999947,9000,1000,1015,1063,990
4.589999999999947,9000,1025,1010,1036,990
4.599999999999946,9000,995,1005,1047,990
4.609999999999946,9000,995,1015,1047,985
4.619999999999946,9000,990,1010,1052,985
4.629999999999946,9000,985,1015,1052,985
4.6399999999999455,9000,1005,1010,1047,990
4.649999999999945,9000,1005,1030,1075,985
4.659999999999945,9000,995,1005,1063,990
4.669999999999945,9000,995,1015,1052,985
4.679999999999945,9000,995,1015,1063,985
4.689999999999944,9000,995,1000,1063,985
4.699999999999944,9000,990,1020,1069,985
4.709999999999944,9000,1000,995,1047,975
4.719999999999944,9000,980,1005,1047,985
4.729999999999944,9000,1005,1015,1036,975
4.739999999999943,9000,985,1000,1041,990
4.749999999999943,10000,1000,1030,1047,990
4.759999999999943,10000,1000,1015,1047,990
4.769999999999943,10000,1000,1015,1047,990
4.7799999999999425,10000,1005,1015,1063,995
4.789999999999942,10000,995,1015,1058,995
4.799999999999942,10000,1010,1025,1075,995
4.809999999999942,10000,1025,1010,1081,995
4.819999999999942,10000,1020,1025,1063,1015
4.8299999999999415,10000,1005,1020,1075,1005
4.839999999999941,10000,1015,1020,1069,1010
4.849999999999941,10000,1015,1041,1075,1005
4.859999999999941,10000,1015,1020,1081,1005
4.869999999999941,10000,1010,1030,1063,1005
4.87999999999994,10000,1010,1025,1063,995
4.88999999999994,10000,1015,1025,1069,1000
4.89999999999994,10000,1005,1020,1052,1010
4.90999999999994,10000,1025,1041,1058,1025
4.9199999999999395,10000,1025,1015,1058,1010
4.929999999999939,10000,1010,1025,1063,1010
4.939999999999939,10000,1015,1025,1058,1010
4.949999999999939,10000,1015,1020,1063,1005
4.959999999999939,10000,1015,1041,1063,1010
4.9699999999999385,10000,1010,1020,1063,1000
4.979999999999938,10000,1005,1030,1058,1000
4.989999999999938,10000,1015,1030,1075,1015
4.999999999999938,10000,1000,1025,1058,995
5.009999999999938,10000,1020,1020,1075,1020
5.019999999999937,10000,1020,1036,1081,1010
5.029999999999937,10000,1010,1010,1075,1005
5.039999999999937,10000,1015,1020,1081,1010
5.049999999999937,10000,1020,1025,1063,1005
5.0599999999999365,10000,1010,1020,1058,1005
5.069999999999936,10000,1000,1036,1069,1000
5.079999999999936,10000,1000,1047,1075,1015
5.089999999999936,10000,1015,1020,1052,1000
5.099999999999936,10000,995,1036,1058,1015
5.1099999999999355,10000,1025,1041,1069,1020
5.119999999999935,10000,1025,1025,1063,995
5.129999999999935,10000,995,1025,1058,1005
5.139999999999935,10000,1015,1036,1063,1005
5.149999999999935,10000,1015,1010,1069,1005
5.159999999999934,10000,1015,1025,1058,995
5.169999999999934,10000,1010,1030,1086,1000
5.179999999999934,10000,1010,1020,1081,1000
5.189999999999934,10000,1015,1030,1063,1010
5.199999999999934,10000,1000,1020,1063,1010
5.209999999999933,10000,1020,1030,1069,1010
5.219999999999933,10000,1010,1036,1081,1010
5.229999999999933,10000,1015,1025,1081,1010
5.239999999999933,10000,1020,1030,1069,1010
5.2499999999999325,10000,1010,1030,1058,1000
